26 40 0.005110732538330494
26 22 0.510221465076661
26 2 0.16269165247018738
26 17 0.3143100511073254
26 23 0.0034071550255536627
26 18 0.0008517887563884157
26 33 0.0034071550255536627
32 13 0.00390625
32 19 0.0078125
32 30 0.015625
32 2 0.03515625
32 5 0.7578125
32 3 0.00390625
32 33 0.00390625
32 39 0.015625
32 36 0.0078125
32 24 0.0078125
32 35 0.015625
32 20 0.12109375
32 4 0.00390625
37 27 0.045878136200716846
37 19 0.15985663082437276
37 11 0.0014336917562724014
37 38 0.0017921146953405018
37 15 0.028315412186379927
37 6 0.014695340501792114
37 33 0.0007168458781362007
37 35 0.00035842293906810036
37 36 0.0014336917562724014
37 24 0.0007168458781362007
37 2 0.044444444444444446
37 14 0.01039426523297491
37 28 0.0014336917562724014
37 4 0.07526881720430108
37 40 0.004659498207885305
37 13 0.11505376344086021
37 30 0.011827956989247311
37 22 0.0035842293906810036
37 5 0.203584229390681
37 3 0.09175627240143369
37 31 0.006810035842293907
37 18 0.00035842293906810036
37 8 0.03369175627240143
37 39 0.004659498207885305
37 10 0.00035842293906810036
37 21 0.00035842293906810036
37 25 0.002150537634408602
37 20 0.11577060931899641
37 23 0.01756272401433692
37 17 0.001075268817204301
27 26 0.0016166960611405056
27 32 0.0011757789535567313
27 37 0.027483833039388596
27 19 0.0030864197530864196
27 11 0.03027630805408583
27 24 0.04247501469723692
27 15 0.0004409171075837742
27 6 0.00029394473838918284
27 29 0.016313932980599646
27 31 0.0633450911228689
27 35 0.00029394473838918284
27 10 0.0013227513227513227
27 9 0.03027630805408583
27 5 0.006025867136978248
27 2 0.3915343915343915
27 33 0.036449147560258674
27 41 0.0004409171075837742
27 4 0.00102880658436214
27 34 0.00014697236919459142
27 38 0.0005878894767783657
27 40 0.053203997648442095
27 13 0.0013227513227513227
27 16 0.004409171075837742
27 30 0.0005878894767783657
27 22 0.032774838330393886
27 17 0.01954732510288066
27 3 0.002204585537918871
27 21 0.0049970605526161085
27 18 0.00940623162845385
27 39 0.005291005291005291
27 36 0.00014697236919459142
27 25 0.07921810699588477
27 20 0.00102880658436214
27 23 0.13124632569077013
19 26 0.04231664224769456
19 32 0.0027579074377316213
19 37 0.025424459191588384
19 27 8.618460742911317e-05
19 11 0.06739636300956649
19 38 0.0011203998965784712
19 34 0.00034473842971645267
19 29 0.027234335947599757
19 33 0.06644833232784625
19 10 0.0034473842971645264
19 9 0.015599413944669483
19 24 0.051710764457467896
19 2 0.0005171076445746789
19 16 0.01585796776695682
19 41 0.0007756614668620184
19 40 0.0425751960699819
19 30 0.03507713522364905
19 22 0.15039213996380246
19 17 0.03499095061621994
19 31 0.13013875721796087
19 18 0.0036197535120227526
19 39 0.0007756614668620184
19 21 0.008359906920623977
19 25 0.20718779625958803
19 23 0.06584504007584245
15 26 0.006010171058714748
15 32 0.05917706888580675
15 37 0.0545538603791031
15 27 0.00878409616273694
15 19 0.004623208506703652
15 11 0.09385113268608414
15 24 0.033287101248266296
15 6 0.0013869625520110957
15 9 0.047619047619047616
15 33 0.2473416551086454
15 29 0.02311604253351826
15 5 0.0036985668053629217
15 2 0.061950993989828944
15 14 0.0004623208506703652
15 41 0.0018492834026814608
15 4 0.0004623208506703652
15 38 0.0009246417013407304
15 40 0.04299583911234397
15 16 0.002311604253351826
15 22 0.026352288488210817
15 17 0.044382801664355064
15 3 0.0004623208506703652
15 31 0.05779010633379565
15 18 0.010171058714748035
15 39 0.009246417013407305
15 21 0.013407304669440592
15 25 0.08090614886731391
15 20 0.004160887656033287
15 23 0.058714748035136384
5 26 0.006003941518859709
5 37 0.010907924286172602
5 27 4.583161464778404e-05
5 11 0.036481965259636095
5 38 0.0036206975571749394
5 15 4.583161464778404e-05
5 34 0.00018332645859113616
5 29 0.01590357028278106
5 31 0.0603144048764838
5 10 0.001099958751546817
5 9 0.03506118520555479
5 24 0.06828910582519822
5 2 0.1679728676841285
5 33 0.05224804069847381
5 41 4.583161464778404e-05
5 4 4.583161464778404e-05
5 40 0.02259498602135753
5 16 0.00907465970026124
5 30 0.002062422659150282
5 22 0.04661075209679637
5 17 0.013107841789266236
5 3 4.583161464778404e-05
5 21 0.009899628763921352
5 18 0.005453962143086301
5 6 4.583161464778404e-05
5 39 0.0008249690636601127
5 25 0.26641917594756864
5 23 0.16558962372244374
34 25 0.05555555555555555
34 36 0.05555555555555555
34 20 0.1388888888888889
34 19 0.027777777777777776
34 5 0.25
34 30 0.027777777777777776
34 2 0.2222222222222222
34 38 0.027777777777777776
34 6 0.1388888888888889
34 4 0.027777777777777776
34 31 0.027777777777777776
6 26 0.0056753688989784334
6 32 0.00037835792659856227
6 34 0.00037835792659856227
6 23 0.08664396519107076
6 19 0.00037835792659856227
6 30 0.7079076806659099
6 22 0.01021566401816118
6 11 0.007188800605372683
6 38 0.0007567158531971245
6 21 0.0026485054861899358
6 29 0.007188800605372683
6 33 0.009080590238365494
6 37 0.0056753688989784334
6 9 0.003026863412788498
6 24 0.004918653045781309
6 25 0.04502459326522891
6 2 0.00037835792659856227
6 16 0.05524025728339009
6 17 0.01021566401816118
6 40 0.0052970109723798715
6 31 0.03178206583427923
9 37 0.00040225261464199515
9 27 0.053700724054706356
9 19 0.07662912308930007
9 24 0.002011263073209976
9 15 0.01749798873692679
9 38 0.003419147224456959
9 6 0.023732904263877714
9 29 0.0012067578439259854
9 31 0.016291230893000806
9 35 0.00502815768302494
9 11 0.003218020917135961
9 36 0.010659694288012871
9 5 0.20474658085277556
9 2 0.029967819790828642
9 33 0.0016090104585679806
9 4 0.05711987127916331
9 40 0.014279967819790828
9 14 0.00583266291230893
9 13 0.07280772325020113
9 16 0.00020112630732099757
9 30 0.11987127916331457
9 22 0.005430410297666935
9 7 0.00040225261464199515
9 3 0.1005631536604988
9 21 0.002011263073209976
9 18 0.0012067578439259854
9 8 0.019308125502815767
9 39 0.024738535800482703
9 10 0.00020112630732099757
9 25 0.001005631536604988
9 20 0.07059533386967015
9 23 0.05430410297666935
33 38 0.0031481189988981583
33 27 0.04281441838501495
33 19 0.1073508578624272
33 15 0.013458208720289628
33 5 0.1688965842908862
33 6 0.01810168424366441
33 29 0.0005509208248071777
33 21 0.00031481189988981584
33 25 0.001888871399338895
33 11 0.0003935148748622698
33 36 0.00952305997166693
33 37 0.0007083267747520856
33 9 0.0014953565244766253
33 24 0.007791594522272942
33 2 0.17739650558791123
33 16 0.0027546041240358887
33 40 0.004013851723595152
33 4 0.02841177396505588
33 14 0.008263812372107666
33 13 0.04966157720761845
33 30 0.09853612466551236
33 22 0.006925861797575948
33 17 0.0005509208248071777
33 3 0.041712576735400596
33 31 0.11215173933574689
33 18 0.00047221784983472373
33 8 0.007240673697465764
33 39 0.0022823862742011648
33 35 0.001967574374311349
33 20 0.0685502912010074
33 23 0.012671178970565087
35 40 0.0027397260273972603
35 19 0.0027397260273972603
35 30 0.7561643835616438
35 22 0.024657534246575342
35 11 0.01643835616438356
35 31 0.01643835616438356
35 29 0.0027397260273972603
35 33 0.0136986301369863
35 18 0.0027397260273972603
35 24 0.019178082191780823
35 25 0.021917808219178082
35 17 0.0027397260273972603
35 23 0.1178082191780822
36 26 0.0008375209380234506
36 32 0.008793969849246231
36 37 0.011306532663316583
36 24 0.07495812395309882
36 19 0.019262981574539362
36 11 0.06532663316582915
36 38 0.0020938023450586263
36 15 0.01256281407035176
36 6 0.0004187604690117253
36 29 0.02931323283082077
36 33 0.09882747068676717
36 35 0.0008375209380234506
36 10 0.005443886097152429
36 9 0.05025125628140704
36 27 0.00711892797319933
36 5 0.04731993299832496
36 2 0.07914572864321608
36 16 0.006700167504187605
36 41 0.005862646566164154
36 4 0.0046063651591289785
36 40 0.06574539363484087
36 14 0.0008375209380234506
36 13 0.008375209380234505
36 30 0.02386934673366834
36 22 0.05485762144053601
36 17 0.02847571189279732
36 3 0.009212730318257957
36 31 0.06407035175879397
36 18 0.007956448911222781
36 39 0.005443886097152429
36 36 0.0004187604690117253
36 21 0.021775544388609715
36 25 0.08542713567839195
36 20 0.010050251256281407
36 23 0.08249581239530988
29 32 0.00040290088638195
29 38 0.0014101531023368251
29 27 0.05076551168412571
29 19 0.06708299758259469
29 15 0.015914585012087028
29 5 0.11482675261885576
29 6 0.028203062046736505
29 29 0.00040290088638195
29 33 0.0394842868654311
29 35 0.0040290088638195
29 11 0.0014101531023368251
29 36 0.0060435132957292505
29 9 0.000201450443190975
29 24 0.0036261079774375505
29 2 0.06829170024174053
29 16 0.0060435132957292505
29 40 0.000201450443190975
29 4 0.05580177276390008
29 14 0.0064464141821112
29 13 0.08904109589041095
29 30 0.1275181305398872
29 22 0.0128928283642224
29 17 0.00040290088638195
29 7 0.001007252215954875
29 3 0.09971796937953263
29 31 0.04613215149073328
29 18 0.0008058017727639
29 8 0.010475423045930701
29 39 0.022763900080580178
29 10 0.001007252215954875
29 25 0.0026188557614826753
29 20 0.05116841257050766
29 23 0.06385979049153909
24 37 0.00011798017932987259
24 27 0.04495044832468145
24 19 0.08235016517225106
24 15 0.015101462954223691
24 38 0.0008258612553091081
24 6 0.0219443133553563
24 29 0.06925436526663521
24 21 0.00011798017932987259
24 35 0.003893345917885795
24 10 0.00011798017932987259
24 9 0.04672015101462954
24 5 0.23513449740443607
24 2 0.10063709296838132
24 16 0.0012977819726285983
24 4 0.06441717791411043
24 40 0.022770174610665408
24 14 0.0031854648419065595
24 13 0.06949032562529495
24 30 0.004719207173194903
24 22 0.006724870221802737
24 17 0.0008258612553091081
24 3 0.10276073619631902
24 31 0.0075507314771118455
24 18 0.0011798017932987258
24 23 0.004719207173194903
24 8 0.015337423312883436
24 39 0.01651722510618216
24 33 0.0011798017932987258
24 36 0.005663048607833884
24 25 0.005191127890514393
24 20 0.043770646531382726
24 11 0.0015337423312883436
14 37 0.006462035541195477
14 27 0.004846526655896607
14 19 0.050080775444264945
14 15 0.004846526655896607
14 24 0.025848142164781908
14 6 0.0032310177705977385
14 9 0.009693053311793215
14 33 0.04038772213247173
14 10 0.0016155088852988692
14 29 0.017770597738287562
14 5 0.05977382875605816
14 2 0.4717285945072698
14 16 0.004846526655896607
14 4 0.0016155088852988692
14 40 0.1098546042003231
14 13 0.017770597738287562
14 30 0.009693053311793215
14 22 0.0210016155088853
14 17 0.004846526655896607
14 3 0.008077544426494346
14 31 0.0210016155088853
14 18 0.0016155088852988692
14 23 0.01615508885298869
14 39 0.0016155088852988692
14 21 0.0016155088852988692
14 25 0.01615508885298869
14 20 0.045234248788368334
14 11 0.022617124394184167
28 39 0.05555555555555555
28 10 0.05555555555555555
28 13 0.05555555555555555
28 5 0.05555555555555555
28 2 0.5
28 9 0.05555555555555555
28 33 0.2222222222222222
41 2 0.03571428571428571
41 19 0.03571428571428571
41 22 0.03571428571428571
41 11 0.017857142857142856
41 38 0.03571428571428571
41 3 0.08928571428571429
41 8 0.017857142857142856
41 39 0.03571428571428571
41 36 0.05357142857142857
41 5 0.4107142857142857
41 25 0.017857142857142856
41 20 0.10714285714285714
41 14 0.05357142857142857
41 35 0.017857142857142856
41 15 0.03571428571428571
4 26 0.050788954635108484
4 32 0.0003287310979618672
4 37 0.02021696252465483
4 11 0.046515450361604205
4 38 0.0004930966469428008
4 34 0.0006574621959237344
4 9 0.03418803418803419
4 33 0.06591058514135437
4 10 0.0018080210387902695
4 29 0.03106508875739645
4 24 0.09483892176199868
4 16 0.017094017094017096
4 41 0.0004930966469428008
4 40 0.013477975016436555
4 30 0.015614727153188691
4 22 0.09631821170282709
4 17 0.041091387245233396
4 31 0.06673241288625904
4 18 0.0039447731755424065
4 21 0.005259697567389875
4 25 0.29372123602892836
4 23 0.09944115713346482
8 38 0.003105590062111801
8 27 0.02298136645962733
8 19 0.010559006211180125
8 11 0.08944099378881988
8 24 0.034161490683229816
8 15 0.0006211180124223603
8 6 0.0018633540372670807
8 9 0.031055900621118012
8 33 0.05962732919254658
8 37 0.02608695652173913
8 29 0.015527950310559006
8 5 0.13664596273291926
8 2 0.06583850931677018
8 16 0.011801242236024845
8 4 0.017391304347826087
8 40 0.0782608695652174
8 14 0.0055900621118012426
8 13 0.0037267080745341614
8 30 0.059006211180124224
8 22 0.08074534161490683
8 17 0.019254658385093167
8 3 0.012422360248447204
8 21 0.008695652173913044
8 18 0.0037267080745341614
8 39 0.0018633540372670807
8 36 0.0018633540372670807
8 25 0.09316770186335403
8 20 0.003105590062111801
8 23 0.058385093167701865
8 31 0.043478260869565216
38 27 0.03585147247119078
38 13 0.1440460947503201
38 19 0.2573623559539053
38 15 0.035211267605633804
38 3 0.16005121638924455
38 6 0.10947503201024328
38 9 0.0006402048655569782
38 31 0.0006402048655569782
38 8 0.04225352112676056
38 25 0.0012804097311139564
38 36 0.003201024327784891
38 5 0.12419974391805377
38 35 0.012163892445582587
38 20 0.05057618437900128
38 28 0.0006402048655569782
38 4 0.02240717029449424
40 37 0.0012330456226880395
40 27 0.02507192766132347
40 19 0.052609946568023015
40 15 0.006576243321002877
40 24 0.02116728318947801
40 6 0.007398273736128237
40 9 0.008631319358816275
40 33 0.0008220304151253596
40 25 0.007192766132346897
40 36 0.009247842170160296
40 29 0.0006165228113440197
40 5 0.11570078092889437
40 2 0.5982326346074804
40 14 0.0034936292642827787
40 4 0.015824085491163174
40 38 0.0016440608302507192
40 16 0.0004110152075626798
40 13 0.02198931360460337
40 30 0.0018495684340320592
40 22 0.0026715988491574187
40 17 0.0004110152075626798
40 3 0.031237155774763666
40 31 0.0002055076037813399
40 18 0.0002055076037813399
40 23 0.006165228113440197
40 8 0.005959720509658858
40 39 0.0004110152075626798
40 21 0.0002055076037813399
40 35 0.0008220304151253596
40 20 0.04212905877517468
40 11 0.009864364981504316
13 26 0.011868193242111143
13 32 0.0006981290142418319
13 37 0.02429488969561575
13 27 0.00013962580284836637
13 11 0.04593688913711254
13 38 0.00027925160569673273
13 34 0.0009773806199385646
13 29 0.02429488969561575
13 21 0.005305780508237923
13 10 0.0012566322256352975
13 9 0.013404077073443172
13 24 0.05640882435074002
13 2 0.0006981290142418319
13 16 0.01117006422786931
13 41 0.00027925160569673273
13 40 0.02513264451270595
13 30 0.1487014800335102
13 22 0.10974588103881597
13 17 0.024853392907009216
13 31 0.09019826864004468
13 18 0.0026528902541189613
13 39 0.00013962580284836637
13 33 0.06087685004188774
13 25 0.20036302708740575
13 23 0.14032393186260822
16 38 0.003211561621838619
16 27 0.03211561621838619
16 19 0.0851063829787234
16 15 0.01204335608189482
16 24 0.004014452027298274
16 6 0.067442794058611
16 29 0.0004014452027298274
16 33 0.06142111601766359
16 25 0.0024086712163789645
16 11 0.0004014452027298274
16 36 0.01846647932557206
16 5 0.07707747892412686
16 2 0.05660377358490566
16 14 0.0028101164191087916
16 40 0.0004014452027298274
16 4 0.051384985949417906
16 28 0.0004014452027298274
16 13 0.06182256122039342
16 30 0.10758731433159374
16 22 0.0072260136491368926
16 17 0.0008028904054596548
16 3 0.07547169811320754
16 31 0.07065435568044962
16 8 0.0425531914893617
16 39 0.03853873946206343
16 35 0.008028904054596548
16 20 0.042151746286631875
16 23 0.06945002007226013
30 26 0.00016090104585679806
30 32 0.0005631536604987933
30 38 0.0016894609814963797
30 27 0.07224456958970234
30 19 0.09678197908286404
30 15 0.02083668543845535
30 5 0.16862429605792437
30 6 0.008205953338696701
30 9 0.01343523732904264
30 33 0.05092518101367659
30 35 0.0005631536604987933
30 36 0.019790828640386164
30 37 0.006194690265486726
30 29 0.0077232502011263075
30 24 0.02429605792437651
30 2 0.031053901850362026
30 16 0.0030571198712791635
30 28 0.0005631536604987933
30 4 0.06749798873692679
30 34 0.00032180209171359613
30 40 0.006918744971842317
30 14 0.0004827031375703942
30 13 0.06009654062751408
30 22 0.025502815768302493
30 17 0.011423974255832662
30 7 0.0005631536604987933
30 3 0.06170555108608206
30 31 0.01745776347546259
30 18 0.0009654062751407884
30 23 0.011182622687047465
30 8 0.013676588897827836
30 39 0.0013676588897827836
30 10 0.0013676588897827836
30 21 0.0029766693483507644
30 25 0.020273531777956558
30 20 0.1336283185840708
30 11 0.03588093322606597
22 32 0.0011797421420746607
22 37 0.0012640094379371366
22 27 0.08030673295693941
22 19 0.03758321395466419
22 15 0.013482767337996124
22 38 0.03311704727395298
22 6 0.03261144349877813
22 29 0.0006741383668998062
22 33 0.044577399511249685
22 35 0.0021066823965618943
22 11 0.00219094969242437
22 36 0.009437937136597286
22 9 0.0017696132131119913
22 24 0.004466166680711216
22 2 0.1402207803151597
22 14 0.0013482767337996125
22 4 0.04794809134574871
22 40 0.00042133647931237887
22 13 0.014831044071795736
22 16 0.001853880508974467
22 30 0.05258279261818488
22 5 0.15564169545799275
22 7 0.00016853459172495156
22 3 0.10390157579843262
22 31 0.0866267801466251
22 18 0.000758405662762282
22 8 0.0021066823965618943
22 39 0.02494311957529283
22 10 0.0010112075503497092
22 21 0.00016853459172495156
22 25 0.004044830201398837
22 20 0.06387461026375664
22 23 0.03261144349877813
22 17 0.00016853459172495156
17 37 0.00027731558513588466
17 27 0.0829173599556295
17 19 0.04159733777038269
17 24 0.016638935108153077
17 15 0.013588463671658347
17 38 0.021907931225734888
17 6 0.025790349417637273
17 9 0.0024958402662229617
17 33 0.0019412090959511925
17 35 0.0022185246810870773
17 36 0.01192457016084304
17 5 0.22407099278979478
17 2 0.056572379367720464
17 16 0.0011092623405435386
17 41 0.0005546311702717693
17 4 0.048807542983915694
17 40 0.036051026067665005
17 14 0.0036051026067665
17 13 0.020798668885191347
17 30 0.13200221852468108
17 22 0.0008319467554076539
17 7 0.00027731558513588466
17 3 0.09151414309484193
17 31 0.006932889628397116
17 18 0.0019412090959511925
17 23 0.06655574043261231
17 8 0.0022185246810870773
17 39 0.020244037714919578
17 21 0.0016638935108153079
17 25 0.046311702717692735
17 20 0.009428729894620078
17 11 0.007210205213533
7 38 0.024390243902439025
7 19 0.04878048780487805
7 11 0.04878048780487805
7 5 0.024390243902439025
7 3 0.04878048780487805
7 31 0.43902439024390244
7 33 0.04878048780487805
7 39 0.024390243902439025
7 24 0.024390243902439025
7 25 0.0975609756097561
7 2 0.07317073170731707
7 14 0.04878048780487805
7 23 0.04878048780487805
3 26 0.011563876651982379
3 32 0.00011013215859030837
3 37 0.029295154185022026
3 27 0.0016519823788546256
3 19 0.0006607929515418502
3 11 0.036894273127753306
3 38 0.005616740088105727
3 15 0.00011013215859030837
3 34 0.00011013215859030837
3 29 0.0302863436123348
3 31 0.0526431718061674
3 10 0.004515418502202643
3 9 0.02643171806167401
3 24 0.06674008810572687
3 2 0.00407488986784141
3 33 0.053524229074889865
3 41 0.0006607929515418502
3 40 0.02092511013215859
3 13 0.0005506607929515419
3 16 0.008920704845814979
3 30 0.2683920704845815
3 22 0.0433920704845815
3 17 0.026211453744493393
3 3 0.00011013215859030837
3 21 0.006828193832599119
3 18 0.004515418502202643
3 6 0.00011013215859030837
3 39 0.004295154185022026
3 36 0.0005506607929515419
3 25 0.18513215859030838
3 20 0.003303964757709251
3 23 0.10187224669603524
31 38 0.007985257985257985
31 27 0.018273955773955772
31 19 0.07232800982800983
31 11 0.0019195331695331696
31 5 0.11417383292383293
31 15 0.008062039312039313
31 6 0.006142506142506142
31 29 0.040694103194103194
31 33 0.20032248157248156
31 25 0.004683660933660933
31 10 0.0012285012285012285
31 37 0.0009213759213759214
31 9 0.004222972972972973
31 24 0.012285012285012284
31 2 0.2084613022113022
31 16 0.002073095823095823
31 41 0.00015356265356265356
31 4 0.01911855036855037
31 34 0.00015356265356265356
31 14 0.003148034398034398
31 13 0.03915847665847666
31 30 0.0026873464373464375
31 22 0.10849201474201474
31 17 0.0008445945945945946
31 7 0.00015356265356265356
31 3 0.031096437346437345
31 21 7.678132678132678e-05
31 18 0.0011517199017199017
31 8 0.010058353808353808
31 39 0.000691031941031941
31 36 0.012208230958230959
31 35 0.0008445945945945946
31 20 0.048986486486486486
31 23 0.016738329238329238
31 31 0.0004606879606879607
18 2 0.00101010101010101
18 38 0.00404040404040404
18 27 0.08383838383838384
18 13 0.11767676767676767
18 19 0.09242424242424242
18 30 0.006060606060606061
18 15 0.03282828282828283
18 7 0.000505050505050505
18 3 0.18181818181818182
18 6 0.04696969696969697
18 8 0.03686868686868687
18 39 0.03939393939393939
18 36 0.01919191919191919
18 5 0.12878787878787878
18 25 0.000505050505050505
18 20 0.03888888888888889
18 14 0.00202020202020202
18 35 0.00202020202020202
18 23 0.0030303030303030303
18 4 0.1621212121212121
23 32 0.00024525833878351864
23 37 0.013489208633093525
23 27 0.03147482014388489
23 19 0.0999018966644866
23 11 0.04357423152387181
23 5 0.1406147809025507
23 6 0.014143230869849576
23 29 0.005967952910398954
23 33 0.03637998691955527
23 35 0.0008175277959450621
23 36 0.01814911706998038
23 9 0.010137344669718771
23 24 0.021010464355788096
23 2 0.16636690647482014
23 16 0.009892086330935251
23 28 0.00040876389797253105
23 4 0.04242969260954872
23 38 0.0021255722694571615
23 40 0.034009156311314584
23 14 0.013325703073904512
23 13 0.045209287115761936
23 30 0.0020438194898626553
23 22 0.02141922825376063
23 17 0.0054774362328319165
23 7 0.0007357750163505559
23 3 0.05273054283845651
23 31 0.017576847612818837
23 18 0.0028613472858077175
23 8 0.013407455853499018
23 39 0.009646827992151732
23 10 0.0007357750163505559
23 21 0.002452583387835186
23 25 0.00237083060824068
23 20 0.09172661870503597
23 15 0.02714192282537606
1 32 0.00025418612779207574
1 38 0.0177930289454453
1 27 0.008419915483112508
1 19 0.03374320846439806
1 40 0.010580497569345154
1 15 0.004003431512725193
1 24 0.08763066755631811
1 6 0.006036920535061799
1 9 0.06259333396879865
1 21 0.017665935881549265
1 10 0.0019063959584405682
1 37 0.024020589076351156
1 29 0.06252978743685063
1 5 0.022940298033234836
1 16 0.03526832523115051
1 41 0.00022241286181806628
1 4 0.025196199917389507
1 34 9.53197979220284e-05
1 14 0.0001906395958440568
1 13 0.02338512375687097
1 30 0.05077367902646713
1 22 0.10767959838591809
1 17 0.03596733708257872
1 7 6.354653194801894e-05
1 3 0.02443364153401328
1 31 0.09614590283735265
1 18 0.04368824071426302
1 23 0.042893909064912784
1 8 0.004162297842595241
1 39 0.01321767864518794
1 33 0.04184539128777047
1 36 0.0007943316493502367
1 25 0.02513265338544149
1 20 0.003844565182855146
1 11 0.06488100911892733
39 27 0.03759791122715405
39 13 0.03185378590078329
39 19 0.007832898172323759
39 15 0.007310704960835509
39 38 0.0005221932114882506
39 3 0.0793733681462141
39 6 0.015143603133159269
39 33 0.0005221932114882506
39 8 0.0005221932114882506
39 25 0.0010443864229765013
39 36 0.44699738903394254
39 5 0.2710182767624021
39 35 0.050130548302872065
39 20 0.005744125326370757
39 14 0.015665796344647518
39 11 0.0005221932114882506
39 4 0.027676240208877285
39 31 0.0005221932114882506
10 4 0.005988023952095809
10 36 0.11976047904191617
10 13 0.344311377245509
10 19 0.07784431137724551
10 5 0.08682634730538923
10 35 0.008982035928143712
10 20 0.281437125748503
10 2 0.03592814371257485
10 14 0.020958083832335328
10 15 0.014970059880239521
10 22 0.0029940119760479044
21 27 0.026554856743535988
21 19 0.19426974143955275
21 15 0.009783368273934312
21 38 0.001397624039133473
21 6 0.013976240391334731
21 25 0.0006988120195667365
21 11 0.0020964360587002098
21 36 0.037037037037037035
21 5 0.24528301886792453
21 2 0.013976240391334731
21 16 0.0006988120195667365
21 40 0.0006988120195667365
21 4 0.0496156533892383
21 14 0.0006988120195667365
21 13 0.16771488469601678
21 22 0.0006988120195667365
21 3 0.03563941299790356
21 31 0.0020964360587002098
21 8 0.012578616352201259
21 39 0.002795248078266946
21 35 0.0069881201956673656
21 20 0.17330538085255065
21 23 0.001397624039133473
25 32 0.0011455444350657181
25 37 0.00572772217532859
25 27 0.045037983841794284
25 19 0.04148076691185337
25 15 0.008380561919691306
25 24 0.0031351742433377546
25 29 0.001748462558784517
25 6 0.008983480043410106
25 9 0.003617508742312794
25 33 0.126009887857229
25 25 6.02918123718799e-05
25 10 0.0027734233691064755
25 38 0.002532256119618956
25 5 0.08507174725672254
25 2 0.27004702761365007
25 16 0.009887857228988304
25 41 6.02918123718799e-05
25 4 0.0119980706620041
25 34 0.0002411672494875196
25 40 0.05305679488725431
25 14 0.0015072953092969974
25 13 0.017484625587845172
25 30 0.004341010490775353
25 22 0.01157602797540094
25 17 0.0020499216206439166
25 7 0.00036175087423127937
25 3 0.029965030748824308
25 31 0.06023152055950802
25 18 0.005245387676353551
25 23 0.004039551428915953
25 8 0.0045821777402628725
25 39 0.0113951525382853
25 36 0.004341010490775353
25 21 0.010129024478475824
25 35 0.00018087543711563968
25 20 0.05546846738212951
25 11 0.09610514892077655
20 26 0.0011050944855785169
20 32 0.0005525472427892584
20 37 0.013813681069731461
20 27 0.04641396839429771
20 19 0.008177699193281025
20 11 0.02011271963752901
20 5 0.13824732014587246
20 15 0.0068515858105868055
20 6 0.005083434633661178
20 9 0.009945850370206653
20 33 0.030279588904851364
20 35 0.00011050944855785169
20 36 0.001768151176925627
20 38 0.001436622831252072
20 29 0.006299038567797547
20 24 0.02033373853464471
20 2 0.440380152503039
20 16 0.004751906287987623
20 41 0.00022101889711570338
20 4 0.015139794452425682
20 34 0.00011050944855785169
20 40 0.020002210188971158
20 14 0.0007735661399049619
20 13 0.009503812575975245
20 30 0.004199359045198365
20 22 0.02541717316830589
20 17 0.01116145430434302
20 3 0.027516852690905074
20 31 0.01823405901204553
20 18 0.003315283456735551
20 8 0.00011050944855785169
20 39 0.0026522267653884407
20 10 0.001878660625483479
20 21 0.003204774008177699
20 25 0.08177699193281025
20 20 0.00022101889711570338
20 23 0.018897115703392642
11 37 0.004485392168747727
11 27 0.04836949933325251
11 19 0.13116741423202813
11 15 0.015880712813674387
11 5 0.1735967996120742
11 29 0.0010910413383440416
11 6 0.02097223905927991
11 9 0.004000484907261486
11 21 0.0003636804461146806
11 35 0.0037580312765183657
11 11 0.0001212268153715602
11 36 0.016608073705903746
11 38 0.00618256758394957
11 24 0.011759001091041337
11 2 0.2277851860831616
11 14 0.004485392168747727
11 4 0.022669414474481755
11 40 0.028851982058431324
11 13 0.055279427809431445
11 16 0.0019396290459449631
11 30 0.04315674627227543
11 22 0.007637289368408292
11 17 0.0009698145229724816
11 7 0.0004849072614862408
11 3 0.03721663231906898
11 31 0.010425506121954177
11 18 0.002788216753545884
11 8 0.017699115044247787
11 39 0.003273124015032125
11 33 0.0016971754152018427
11 25 0.003151897199660565
11 20 0.07988847132985817
11 23 0.01224390835252758
==========
26 2 0.0008517887563884157
26 10 0.0008517887563884157
26 4 0.0017035775127768314
26 26 0.0008517887563884157
26 15 0.8185689948892675
26 12 0.0008517887563884157
26 8 0.17632027257240204
32 9 0.0546875
32 22 0.00390625
32 10 0.6796875
32 27 0.00390625
32 4 0.0703125
32 25 0.00390625
32 20 0.06640625
32 16 0.0078125
32 21 0.109375
37 22 0.00035842293906810036
37 2 0.004301075268817204
37 10 0.004301075268817204
37 23 0.9448028673835125
37 6 0.02078853046594982
37 26 0.00035842293906810036
37 19 0.0014336917562724014
37 24 0.02186379928315412
37 16 0.0017921146953405018
27 3 0.00014697236919459142
27 19 0.00029394473838918284
27 12 0.00029394473838918284
27 5 0.0008818342151675485
27 24 0.00102880658436214
27 20 0.0019106407995296885
27 16 0.9917695473251029
27 21 0.0004409171075837742
27 2 0.00029394473838918284
27 10 0.00029394473838918284
27 17 0.0004409171075837742
27 15 0.0005878894767783657
27 8 0.00014697236919459142
27 13 0.00102880658436214
27 6 0.00014697236919459142
27 9 0.00029394473838918284
19 23 0.004395414978884771
19 3 8.618460742911317e-05
19 5 0.0012927691114366974
19 24 0.00034473842971645267
19 17 0.00017236921485822633
19 21 0.004309230371455658
19 2 0.0035335689045936395
19 16 0.0010342152891493579
19 14 0.0006894768594329053
19 7 0.0007756614668620184
19 6 0.20667068861501336
19 22 0.005946737912608808
19 18 8.618460742911317e-05
19 27 0.00034473842971645267
19 19 0.0027579074377316213
19 8 0.0005171076445746789
19 20 0.0020684305782987158
19 9 0.0011203998965784712
19 26 0.03852451952081358
19 10 0.6944755666637938
19 15 0.022235628716711194
19 13 0.005084891838317677
19 4 0.0035335689045936395
15 23 0.0004623208506703652
15 26 0.006934812760055479
15 5 0.0004623208506703652
15 20 0.0027739251040221915
15 17 0.0004623208506703652
15 21 0.12806287563569116
15 2 0.5668053629218678
15 10 0.009246417013407305
15 9 0.0013869625520110957
15 14 0.0009246417013407304
15 15 0.006010171058714748
15 7 0.0004623208506703652
15 13 0.0027739251040221915
15 6 0.27323162274618584
5 23 0.0008708006783078967
5 5 0.0014207800540813054
5 24 9.166322929556808e-05
5 17 0.0005041477611256245
5 3 0.0005958109904211925
5 21 0.0034373710985838033
5 15 0.004445666620835052
5 16 0.14432375452587196
5 14 0.0017416013566157935
5 11 9.166322929556808e-05
5 7 0.0009624639076034649
5 6 0.14634034557037445
5 22 0.12273706402676567
5 27 0.0002291580732389202
5 19 0.0009624639076034649
5 12 0.00027498968788670426
5 8 0.0007791374490123287
5 20 0.005545625372381869
5 9 0.001008295522251249
5 26 0.002245749117741418
5 10 0.06906824327421054
5 2 0.4195884321004629
5 13 0.05774783445620789
5 4 0.014986937989825382
34 9 0.2777777777777778
34 21 0.7222222222222222
6 22 0.003026863412788498
6 3 0.00037835792659856227
6 19 0.009080590238365494
6 20 0.00037835792659856227
6 16 0.8713583049564888
6 21 0.0007567158531971245
6 2 0.10745365115399168
6 9 0.0026485054861899358
6 14 0.0007567158531971245
6 15 0.001513431706394249
6 7 0.00037835792659856227
6 13 0.0022701475595913734
9 22 0.00020112630732099757
9 27 0.00020112630732099757
9 19 0.0030168946098149637
9 5 0.00020112630732099757
9 17 0.00020112630732099757
9 3 0.9839098954143202
9 26 0.00020112630732099757
9 10 0.002011263073209976
9 16 0.0014078841512469831
9 14 0.0006033789219629927
9 2 0.0022123893805309734
9 13 0.0006033789219629927
9 6 0.005229283990345938
33 22 0.0006296237997796317
33 27 0.005981426097906501
33 3 0.00023610892491736187
33 26 0.00047221784983472373
33 19 0.004092554698567606
33 5 0.0022823862742011648
33 24 7.870297497245396e-05
33 17 7.870297497245396e-05
33 20 7.870297497245396e-05
33 16 0.003699039823705336
33 21 0.9472690067684558
33 15 0.0005509208248071777
33 10 0.012198961120730364
33 23 7.870297497245396e-05
33 4 0.00023610892491736187
33 2 0.004407366598457422
33 13 0.00015740594994490792
33 6 0.017235951518967417
33 9 0.00023610892491736187
35 22 0.7232876712328767
35 19 0.2054794520547945
35 10 0.0027397260273972603
35 9 0.0027397260273972603
35 16 0.06575342465753424
36 5 0.010887772194304857
36 24 0.01675041876046901
36 17 0.002512562814070352
36 21 0.04815745393634841
36 2 0.012981574539363484
36 16 0.01968174204355109
36 3 0.008793969849246231
36 14 0.018844221105527637
36 11 0.0008375209380234506
36 7 0.0016750418760469012
36 6 0.03350083752093802
36 22 0.6850921273031826
36 27 0.0008375209380234506
36 19 0.006700167504187605
36 12 0.00711892797319933
36 8 0.010887772194304857
36 20 0.04731993299832496
36 10 0.00711892797319933
36 4 0.006700167504187605
36 15 0.024706867671691793
36 13 0.027219430485762145
36 9 0.0016750418760469012
29 22 0.0008058017727639
29 19 0.003424657534246575
29 10 0.0022159548751007254
29 16 0.005237711522965351
29 2 0.003424657534246575
29 17 0.967566478646253
29 13 0.007655116841257051
29 6 0.009065269943593876
29 21 0.0006043513295729251
24 22 0.0008258612553091081
24 19 0.0007078810759792355
24 17 0.0008258612553091081
24 20 0.00011798017932987259
24 16 0.0017697026899480886
24 3 0.0005899008966493629
24 26 0.00011798017932987259
24 10 0.005427088249174139
24 9 0.00011798017932987259
24 14 0.9801793298725814
24 2 0.003893345917885795
24 6 0.005427088249174139
14 22 0.014539579967689823
14 2 0.03715670436187399
14 10 0.004846526655896607
14 6 0.1050080775444265
14 19 0.8109854604200323
14 24 0.0032310177705977385
14 16 0.024232633279483037
28 26 0.5555555555555556
28 10 0.2222222222222222
28 16 0.2222222222222222
41 22 0.07142857142857142
41 10 0.2857142857142857
41 27 0.017857142857142856
41 25 0.017857142857142856
41 11 0.19642857142857142
41 8 0.16071428571428573
41 20 0.25
4 23 0.0004930966469428008
4 3 0.0003287310979618672
4 19 0.000821827744904668
4 12 0.0001643655489809336
4 5 0.0009861932938856016
4 24 0.0003287310979618672
4 20 0.0009861932938856016
4 17 0.0009861932938856016
4 21 0.002136752136752137
4 16 0.0003287310979618672
4 2 0.9712360289283366
4 10 0.000821827744904668
4 9 0.0013149243918474688
4 14 0.0026298487836949377
4 15 0.005095332018408941
4 7 0.0003287310979618672
4 13 0.001643655489809336
4 4 0.009368836291913214
8 2 0.009316770186335404
8 27 0.017391304347826087
8 19 0.0068322981366459624
8 12 0.0006211180124223603
8 5 0.0068322981366459624
8 20 0.0012422360248447205
8 3 0.0006211180124223603
8 21 0.006211180124223602
8 26 0.24161490683229814
8 10 0.6813664596273292
8 4 0.0012422360248447205
8 14 0.0006211180124223603
8 15 0.008695652173913044
8 13 0.003105590062111801
8 6 0.014285714285714285
38 22 0.322663252240717
38 19 0.0006402048655569782
38 10 0.005121638924455826
38 16 0.017285531370038413
38 2 0.014084507042253521
38 24 0.6350832266325224
38 6 0.004481434058898848
38 9 0.0006402048655569782
40 22 0.0014385532264693795
40 19 0.0004110152075626798
40 10 0.028976572133168926
40 27 0.2895602137279079
40 16 0.0004110152075626798
40 2 0.006987258528565557
40 9 0.0012330456226880395
40 20 0.6477599671187834
40 6 0.018495684340320593
40 25 0.004726674886970818
13 22 0.003769896676905892
13 23 0.0006981290142418319
13 26 0.00013962580284836637
13 19 0.004328399888299358
13 5 0.00013962580284836637
13 20 0.0016755096341803965
13 17 0.0004188774085450991
13 21 0.0016755096341803965
13 2 0.06045797263334264
13 10 0.0009773806199385646
13 25 0.00013962580284836637
13 9 0.0005585032113934655
13 14 0.0012566322256352975
13 15 0.005724657916783021
13 7 0.00027925160569673273
13 13 0.004049148282602625
13 6 0.9121753700083776
13 4 0.0015358838313320302
16 22 0.0004014452027298274
16 23 0.004014452027298274
16 19 0.0016057808109193096
16 24 0.0541951023685267
16 17 0.006824568446407065
16 21 0.0008028904054596548
16 26 0.0012043356081894822
16 10 0.006824568446407065
16 16 0.004415897230028101
16 14 0.0004014452027298274
16 2 0.005218787635487756
16 7 0.9072661581694099
16 6 0.004415897230028101
16 9 0.0024086712163789645
30 22 0.0007240547063555913
30 26 0.00016090104585679806
30 19 0.9777956556717619
30 24 0.00016090104585679806
30 17 8.045052292839903e-05
30 21 0.0010458567980691875
30 15 0.0002413515687851971
30 10 0.005953338696701529
30 4 8.045052292839903e-05
30 16 0.0028157683024939663
30 14 8.045052292839903e-05
30 2 0.0035398230088495575
30 13 0.0002413515687851971
30 6 0.006838294448913918
30 9 0.0002413515687851971
22 20 0.0006741383668998062
22 23 0.00042133647931237887
22 5 0.0020224151006994185
22 24 0.00042133647931237887
22 17 0.0005898710710373304
22 3 0.0010112075503497092
22 21 0.0016010786213870396
22 2 0.007078452852447965
22 16 0.003707761017948934
22 14 0.002696553467599225
22 7 0.001516811325524564
22 6 0.006825650964860538
22 22 0.0013482767337996125
22 18 0.03193730513187832
22 27 8.426729586247578e-05
22 19 0.002275216988286846
22 12 0.372124378528693
22 8 0.0005898710710373304
22 25 0.04289205359400017
22 9 0.0016010786213870396
22 26 0.0003370691834499031
22 10 0.004466166680711216
22 15 0.0032021572427740792
22 13 0.003454959130361507
22 4 0.5071205865003792
17 22 0.0013865779256794233
17 19 0.0005546311702717693
17 6 0.0008319467554076539
17 9 0.00027731558513588466
17 10 0.0008319467554076539
17 2 0.003050471436494731
17 8 0.9753189129229063
17 15 0.00027731558513588466
17 25 0.01608430393788131
17 16 0.0008319467554076539
17 13 0.0005546311702717693
7 22 0.17073170731707318
7 2 0.04878048780487805
7 24 0.04878048780487805
7 16 0.7317073170731707
3 5 0.0005506607929515419
3 23 0.00011013215859030837
3 19 0.000881057268722467
3 12 0.00011013215859030837
3 8 0.00011013215859030837
3 24 0.00022026431718061675
3 20 0.00022026431718061675
3 16 0.30352422907488985
3 3 0.0014317180616740088
3 9 0.00011013215859030837
3 2 0.6874449339207048
3 10 0.001211453744493392
3 21 0.00011013215859030837
3 17 0.0003303964757709251
3 14 0.00011013215859030837
3 15 0.0013215859030837004
3 7 0.00022026431718061675
3 13 0.00022026431718061675
3 6 0.001211453744493392
3 4 0.0005506607929515419
31 24 0.0007678132678132678
31 17 0.008369164619164619
31 20 0.8323863636363636
31 2 0.002073095823095823
31 16 0.0011517199017199017
31 3 0.0005374692874692875
31 14 0.00015356265356265356
31 21 0.007678132678132678
31 6 0.007985257985257985
31 22 0.00015356265356265356
31 18 0.00023034398034398035
31 27 0.03217137592137592
31 7 0.000691031941031941
31 19 0.0008445945945945946
31 8 7.678132678132678e-05
31 25 0.011517199017199017
31 9 0.0007678132678132678
31 26 0.00023034398034398035
31 10 0.00882985257985258
31 15 0.0003839066339066339
31 13 0.001765970515970516
31 4 0.08123464373464373
18 19 0.000505050505050505
18 6 0.0015151515151515152
18 9 0.9792929292929293
18 10 0.00202020202020202
18 2 0.0030303030303030303
18 8 0.00101010101010101
18 11 0.00808080808080808
18 16 0.00404040404040404
18 4 0.000505050505050505
23 22 0.0013897972531066057
23 23 0.0003270111183780249
23 19 0.0004905166775670373
23 5 0.0003270111183780249
23 24 0.00024525833878351864
23 15 8.175277959450622e-05
23 20 0.00016350555918901244
23 16 0.0036788750817527797
23 21 0.00024525833878351864
23 26 0.00024525833878351864
23 10 0.009156311314584695
23 17 0.0005722694571615435
23 14 8.175277959450622e-05
23 2 0.019293655984303465
23 7 0.00016350555918901244
23 13 0.8785971223021583
23 6 0.08436886854153042
23 9 0.0005722694571615435
1 1 1.0
39 22 0.5007832898172324
39 2 0.001566579634464752
39 19 0.0005221932114882506
39 12 0.0005221932114882506
39 8 0.0010443864229765013
39 17 0.0005221932114882506
39 3 0.0020887728459530026
39 21 0.001566579634464752
39 16 0.004699738903394256
39 26 0.1968668407310705
39 10 0.08825065274151436
39 4 0.01671018276762402
39 14 0.015665796344647518
39 15 0.00835509138381201
39 11 0.09869451697127937
39 7 0.0020887728459530026
39 13 0.0020887728459530026
39 6 0.05430809399477807
39 9 0.0036553524804177544
10 22 0.011976047904191617
10 10 0.005988023952095809
10 9 0.020958083832335328
10 6 0.0029940119760479044
10 21 0.18862275449101795
10 11 0.0029940119760479044
10 17 0.0029940119760479044
10 4 0.7634730538922155
21 19 0.0006988120195667365
21 5 0.011180992313067784
21 6 0.013976240391334731
21 10 0.002795248078266946
21 2 0.001397624039133473
21 11 0.4116002795248078
21 8 0.5576519916142557
21 16 0.0006988120195667365
25 22 0.0001205836247437598
25 23 6.02918123718799e-05
25 19 0.0004823344989750392
25 12 0.0001205836247437598
25 5 0.0011455444350657181
25 24 6.02918123718799e-05
25 20 0.0010852526226938382
25 16 0.0010249608103219583
25 21 0.0016278789340407572
25 15 0.9777523212347763
25 10 0.004763053177378512
25 9 0.0002411672494875196
25 2 0.002351380682503316
25 11 6.02918123718799e-05
25 8 0.0007837935608344386
25 6 0.007174725672253708
25 4 0.0011455444350657181
20 2 0.004309868493756216
20 23 0.00011050944855785169
20 19 0.0007735661399049619
20 5 0.0003315283456735551
20 24 0.00011050944855785169
20 20 0.00022101889711570338
20 3 0.00011050944855785169
20 21 0.0005525472427892584
20 16 0.0013261133826942204
20 26 0.2379268427450547
20 10 0.5533208089291635
20 4 0.0005525472427892584
20 14 0.00044203779423140677
20 15 0.0011050944855785169
20 7 0.00011050944855785169
20 6 0.19825395071278595
20 9 0.00044203779423140677
11 22 0.000606134076857801
11 15 0.000606134076857801
11 10 0.004727845799490847
11 16 0.002424536307431204
11 2 0.0015759485998302824
11 26 0.0004849072614862408
11 19 0.0007273608922293612
11 5 0.9820584313250091
11 6 0.00618256758394957
11 21 0.000606134076857801
