011010000101110010011000010101011000000110100010010111000111 010110000011010111010001011011100101000011010101001101011111010001011000
100000000110010101000100100011101010110000001100100110011001 011011000001011100011111010001010100100101000011010101001100010101010010
100011010100001001001001001001100000110000101001110100100011 010100100100000001001001011100000011011011010101010010010011010001010100
001100111110010011011010101100000011010001001011110111010011 001110000100011100010110100101100010010101001101011110000011010111100110
000110111101110001100100110011000110000110100011111001011001 010100000011010111001110010001011101010100000011011111000100011100010010
001000100110011000110111101110101000010101110101000010100100 001001010001011101010100000011010111011111001011010111011111010001001001
100001001001111000111010110010001010110100101011101010010011 011011011100011001010100100101100001011100010110000011010111011111011101
011010000110100100100100100011101010110000001101000010110011 010110000011011111011100010001010100100101000011010101001101011111011101
001000100110011010010111000110001010001110100000010111010100 001001010001011101010001010111001110001011010100011111000011010111011111
001010110000101000111010000001000100100101100010011010011001 010001010101001011010100011111000011000111010001010101000011011111010010
001011100010000001010001110100000011010001001011110111010011 001011010100011101011011001011010100011111001101011110000011010111100110
001011100010100011111001010100010010111101110010011001110100 001011010100011101011111000100011100011110000011010111010001011101011111
011010100100100000110111101110101000100101110001010111010100 010110010001001001010100000001010111011111010001010111000011010111011111
000110111101110001000111101101010010111001001101010110110011 010100000001010111001001000011010110010001010111010010000011010110100110
100001001001001011100001101001100000000101100010011010011001 011011011100010001010111011101010001011011000010010101010001011111010010
001000010101000101010110100001011100100111010010010111000111 001001010010010000100101100010010110000011010111000110100110010001011000
000011001010100010010001110101011000000110100010010111000111 000001011100011111010001010100100101000011010101001101011111010001011000
001110010101111100000111101100010011010001001000110000101100 010011010010011001011011000011010101010001011111010001010100000011010101
001000100110011101001001001001000101010110100010011011000101 001001010001011101011111011100010001000111100101100010011111010001100011
001000010101101011110111010011101001001000001101000010100100 001001001011010110000011010111011101011111011100001101011111000011001001
001000010101101011110111010011101001001000001000100110011001 001001010001010110000001010111011101011111011100000011000111010101010010
100110010101101010010011001001011100000101100010011001110100 011101001011010110010010001110000110010111000011010101010001011101011111
100111010110000100100010101101000010001101001100111010010011 011101100010011011011100001011010110000011011101010001011101011111011101
000100010110011100000010100011101000000100011011000010100100 000111010001011101011011001011010100011111000011010100000011010101001001
010010001101111011100111100011011000000110011101000100100011 000110010100000011010111000011010100010101000010011101011111010001010100
011010100110011001000100100001001110111001111100110010110011 010110010001011101001001000110010001001111010111011001011101010010100110
100001001000101101100000110010010010001100001101000010100100 011011011100000011100011001011011100000011010100001101011111000011001001
011010111110100011111001000011110010001101100010011001110100 010110011001011111001100011101000110010100000011010101010001011101011111
101010111010010001010110100001100100101100001000100110000101 000011010111011100010001010110000001011100010100000011000111000011010101
011101010101101010011001101101000011010001001100111010010011 010111100010010110010001011101010110000011011111010001011101011111011101
001000100110011101001001001001000101010110100010010111000111 001001010001011101011111011100010001000111100101100010011111010001011000
001011011000001011100011100101011000100100011000010110010011 010010100011000010010111010011001011010101010001010100000011010101100110
100001001001111100110010100011101011010001001011110111010011 011011011100000001011101000011010100100101100010011110000011010111100110
000010001000001011100010001111011100110100101011101010010011 000011000111000010010111001001000011010111010110000011010111011111011101
001011100010000001010001110100000010111000011010010010110011 010001010100011101011011001011010100011111000011010111011101010010100110
001000010110011101001001010101000111010000001000100110000101 001001010001011101011111011100000011010100011111000011000111000011010101
001000111101101001011001110100010010001100001101000010100100 001001000011010110001011011101011111000011010100001101011111000011001001
011100111101110000010110000011011110100001111011000100100011 010111000001010111000010010101010100000011010000000001010101010001010100
101001001001001011010010110100100100010111000000011010000101 011111011100010001010110001011011111011100000011010100011101001101011111
100001001000101011010010100100010011010000001101000010100100 011011011100010010010110001011001001000011011111001101011111010001001001
101100111101100101010111010100001010010110010010011001101101 100011000100010101000011010111011111010001011100010001100110000011010110
100001001001111100000000100111000010111000100010011001110100 011011011100000001011011000011001111000010010111001001000011011101011111
001011011000101011100100000001011100010000101001000110011001 001011100011000011010111010000000010010111001001010001001001010101010010
000110000110000010011010000001011000100110011101000100100011 010100000010011011010001011111000011010101010001011101011111010001010100
001000010110011001010011110010001010011100001101000010100100 001001010001011101001011001111011100010001001111001101011111010001001001
001110111101100001010110100010010010010110111100110101101001 001111000011010101010001010110000111010010001011001110011101010100010010
010010111010011101000000101110101000100100001101000010100100 010001010111011101011111000010010111011110010010001101011111000011001001
000110111101101100000110000001000110010101110101000110011001 010100000011010110011011010101001101011101000011010111011111010101010010
011010100100011100100111110100101010001010101011000010110011 010110000110010100011100011001011111100010000111100101100010010101100110
011010100100011100100111100010010010111101100011110011111001 010110000110010100011100011001000111000110000001010101000011010011010010
100100010100011010011000010010011110001100001011101010010011 011100010010011101010001011011011100000011010100000011010111011111011101
000010011010010011110000101101001011001001001000110000101110 000010001110011100011001000011010110001011011100000011010100000011010111
000110111101110101001001001001000101010110100010010111000111 010100000011010111011111011100010001000111100101100010011111010001011000
100111010001001100001010101100000011010001001011110111010011 011101011111010001011011100101000011010101001101011110000011010111100110
100100010101100000011010001001101100100110011101000100100011 011100001011010101000011011111010001100011010001011101011111010001010100
000110111101110101000010101101100001010001001000100110000101 010100000011010111011111001011010110011011011111000011000111000011010101
100111010000001100100111100100101010001010011101000010110110 011101011111000001011100011001001001000011000111011101011111001011100011
011011010101100101000100100110000010001100101101000010100100 010110000011010101011111010010001110000010011101000011011111010001001001
000010111000001000110100010010011110111001001100110110110011 000011010111000010010100011100000011010111010001100110000011010110100110
001010001100011001010111010100100100100100011010011010011001 001011010100011101000011010111011111011100010001011101000011011111010010
001010110101111101000100101111011100000101100010011001101101 010001010110011001011110000011010111000011010101010001100110000011010110
000110111100001100101010001001000111010101100000011010000101 010100011001000001011100011111010001010100100101100010010101001101011111
001000100110011010010111000111001010111010101011111010110011 001001010001011101010001010111010011001011010111100101100010000011011101
001011100010100001011001001101010010111000001101000010100100 010001010100011101011111001100010110000011010111001101011111010001001001
000100000101110000110111101011011000000101000011110110100001 000111000010011000010100000001010100010101000011010000011001010110000011
000110111101101100001001000101010000010101110001000010100100 010100000001010110011011011100010001010000001011010111001001010001001001
101010111001111000101001110100100101010100011101000010100100 000011010111000011000111011101011111011100000011010100011111010001001001
010010111000011011110110110000001011010000101011100001111001 010001010111010100000001010110011011000011011111000011010111011101010010
101010111000100001010110101111000111001000001101000100100011 000011010111001001001011010110000011010100011100000010011111010001010100
101010111001001011110111001001110100000110100010010111101110 100101100010010111100101000011010111000011100110001101011110000011010111
101001001000001011101001110000000011001000101011100001111001 011111011100000010010111011101011011001011011100000011010111011101010010
000110111101110101000100101110101010000110100010010111101110 010100000011010111011111010001010111100101100010001101011110000011010111
100100010101001011101010000101001111001000001101000010100100 011100010010010001010111011111000011001111011100001101011111010001001001
100000010110100100100111110110010010010110100011100000101101 011011001011011111011100011001100011010010001011011111010111000001010110
100110111100011010010111101100011110011101001100111010010011 011101011001011101010010000001010101000011010011010001011101011111011101
000110111101101011011010101110010010001100001101000010100100 010100000011010110100101100010010111000011010100001101011111010001001001
101010111010110001011001001001001100100100001000100110000101 000011010111100011001011011100010001001110000110000011000111000011010101
000110000110010000110100101110011110011100101011100100100011 010100000001011100011101000011010111011001010011001011010111010001010100
000110111101001011100001101001001000010101110000110010110011 010100011001010001010111011101000011001001000011010111011101010001100110
011100111101110001011100000011011001010110011010011011000101 010111000001010111010001010100011101010100010101100010011101010001100011
011010111101110011111000001111011000100110011101000100100011 010110000011010111000001011011000011010101010001011101011111010001010100
001000010101101011110111010011101001001000001000100110000101 001001001011010110000011010111011101011111011100000011000111000011010101
011110001110100011110011100101011100000110010010010000101110 000001010100011111000011010011010001010111001011011100010010000011010111
010010111010100100100000101110100110100100111001010111010100 010001010111011111011100000010010111011101000011010011000011010111011111
000110111110010001011001110000011110111000100001010111010100 010100000100011100000011011101011011000001010111001001000011010111011111
100100010100101101100000101100101010000110100010010111000111 011100010010010001100011000010010101100101100010001101011111010001011000
011010010100111000010110001111011010000101110010010000100011 010110001011001111000011010101011001010110001101010111010010000010010100
000110111101101100001010110100001011001001100000010111000100 010100000011010110011011100101100010011111001100010101000010010111001001
000110111101110101000000101101010010111000001101000010100100 010100000011010111011111000010010110000011010111001101011111000011001001
000110111101101100000110000101011010010101110101000010100100 010100000001010110011011010101000011010110001011010111011111010001001001
011010000101110010011000010101011000000110100010010111101110 010110000011010111010001011011100101000011010101001101011110000011010111
000110110000001100100100101110001011010001001100111010010011 010100010101001011011100000011010111001011011111010001011101011111011101
000110111101110101001001001111011000000100100011111001000001 010100000011010111011111011100011001010101000011001001000100011100000011
100011010100001011101010001001001100100100001000100110000101 010100100100000001010111011111010001001110000110000011000111001011010101
001011100010000011000000101110000011010001001011110111010011 001011010100011101011011010101000011010111001101011110000011010111100110
100000111101100110010001010101101001100101100001010111000101 011011000001010101010010000111100101100010011111000011010101010010010111
000100000101110010110000110100011000000101110101000100100011 000111000010011000010100000011011111010101000010010111011111010001010100
100000000110010101000100100011010011000000001101000010100100 011011000001011100011111010001011101000011011011001101011111000011001001
010001100100100100100111100011000011001000010011110111010011 010000000110001001011100011001010100000001011100000111000011010111100110
101010111000001000110001100101100001010000001000100110011001 000011010111000010010100011101001011011011011111000011000111010101010010
100001001001111000111010001111100101001101001011000010111000 011011011100000100010100011111001100011101000110010101001011010100011101
101001010100010001011001000011101010110001111100110100110011 011111000011000111001100010100100101000011010101011001011101010001011101
100111000000101000111010010010011110110100101101001001011001 011101011011001011010100011111011100000001010110000011011111011100010010
000110111101110100110010110010101100000110100010011001101101 010100000011010111011101001100100011000011011111010001100110000011010110
100100010101001011100001100001100100111000001101000010100100 011100010010010001010111010100000001011100010111001101011111010001001001
000110111101110100111010001001101001010100101011100001111001 010100000011010111011101011111010001001000100010000011010111011101010010
001000010101000101010110101001001000100100110010010010110011 001001010010010000100101100010010110010001001001000011001110000110100110
011010000101110010011000010101011000000110100010011011000101 010110000011010111010001011011100101000011010101001101011111010001100011
000110111101110101000000101101010010111000001011101010010011 010100000011010111011111000010010110000011010111000011010111011111011101
000110111101110001001010100011101000100110110010011010011001 010100000001010111001001000011010100011111010001100011000011011111010010
100001010110010010010011001001000110000110100010010111101110 011011100101100001011100000011001110000011010100001101011110000011010111
010010111001101011110001001001011000100100001100100100100001 010001010111010110011001000111000011010101010010001011011100010010000011
011010000111000010010110101001110100000110100010010111101110 010110000010010100011101010001010110010001100110001101011110000011010111
000010001100011101010110110101011000000110100011111001010011 000011010100100101100010010110100101000011010101001101011111001100100110
001111100101110001010001101111011000111100111010011001110100 001111000110010111000011010100000001010101000011010011000011011101011111
010000010101101011110010011001011100000101101010010001110011 010000001011010110011001001001000110010111000010010110010001010100011101
001011010110010011110010000101100000111110011010011010010011 100101100010011100011001001001010001011011000001100110010001011111011101
010010110110000000011001010100010010000101100010011010011001 010001010110011011000001011100011110010010000010010101010001011111010010
001011100010000001011001001001011010010101110101000010110010 010001010100011101011011001011011100000011010110001011010111011111001100
010010111010100011111100001001000110000110100010010111000111 010001010111011111000001010100011101010001010100001101011111010001011000
100001001001111100111000000101000111010010101100110010110011 011011011100000011011101011011001011010100011111000011011101010001100110
100001001001111101000000100111011110111001001100111010010011 011011011100011001011111000010001111000011010111000011011101011111011101
101000111110100000010110001001101000000110010010010000101110 011111011001011111000010010101010001011111001011011100010010000011010111
000110111101100011000010100011101000100110110010011001101101 010100000011010101001011010100011111010001100011010001100110000011010110
100110010100011101011001001001101000100111010010010111000111 011101010001010100100101100001011100000011011111000110100110010001011000
010010111000011011110110110000000011010001001000100110000101 010001010111010100000011010110011011000010011111000011000111000011010101
011100111101110100111010010010000011010000101001110100100011 010111000001010111011101011111011100000011011111010010010011010001010100
011010000100111011100100110100011110011101111100101001101011 010110000010001111010111010001011111000011001111000100011100011101010100
000010110000101110000000101110001001001001001011100010110011 000010010101000011001111100110000010010111001001011100010010010111100110
000010111010100001010110100101100100100100100010010000101110 000010010111011111000011010110001011011100010001001001010010000011010111
100110001100001101000111101100011110011101001000110000101100 011101010100000010011111000011010101000100010011000011010100000011010101
000011001000111001010111010100010010111001001000010111010011 000001011100010011000011010111011111010001010111010010000011010111100110
001010111010100010011010001100001010110100101011101010010011 001011010111011111000110011111000011010101010110000011010111011111011101
010010111010110010011001101001000100100101100010011010011001 010001010111100011010001100110000011000111010001010101000011011111010010
101000010110011101000100101101011110111001001000010110010011 011111001011011101011111000011010110011001010111010010000011010101100110
011010100110011100100010110000100100010110011001010111010100 010110010001011101011100001011011011011100000011100110001011010111011111
001000100100001100111010010010011111000001000010011001101101 001001000110000010011101011111011100000011001110010001100110000011010110
000100000100011101000010110010010010111101100011110011111001 000111000010010100011111010001011100010010000001010101000011010011010010
101010111000101000110111101110011110110101001000110000101100 000011010111001011010100000011010111000001010110010001010100000011010101
000110111101110000110010101110101001001000001101000010100100 010100000001010111011101000011010111011111011100001101011111000011001001
100100010101110001010011101111101000100100001101000010100100 011100010010010111010001001111011001011110010010001101011111010001001001
000100111101101000100000110010001000110100101011101010010011 000111000001010110000111000001011100001001010110000011010111011111011101
100100100100100010010001110101011000111110101100110110011001 011100000011001001010001010100100101000011010101000011011101010101010010
101010111010011000111001010101100001010101100011111010110011 000011010111011101010100011100100010011011100101000011010101000011011101
011010100100011100100111100111001010111000101100111100110011 010110000110010100011100011001010011001011010111000011011101010001011101
001011100000011011001010110011010010111101110000011001011001 010001010100011101010100010101100010100111000011010111001011011100010010
010010010000101011101010001001001100100100001000100110000101 000110001001001011010111011111000011001110000110000011000111000011010101
000110111101110101000100101110101010111110101100110110011001 010100000011010111011111010001010111100101100010000011011101010101010010
001010111000011110010001101100011111000000101001000100100011 010001010111011101000110010100010101000011011011010010001001010001010100
010010111000100001011000000101011100010000101011101010010011 010001010111001001010001011011001011010111001001000011010111011111011101
000011001110100100100111100111001010111101100011110011111001 000010011101011111011100000011010011010010000001010101000011010011010010
001101010101110001000000101101001010111010100000010110010011 001110000011010111001001000011010110001011010111011111000011010101100110
101010111010000100100100101110000110100110000011000010100100 000011010111011011011100010001010111011101000011011011000011010101001001
011100111101110100000000100011010010011001001100111010010011 010111000001010111011011000010011101010001001110010001011101011111011101
010110110000101100001010001111011010000101110010010000100011 010100010101001011011011011111000011010110001101010111010010000010010100
010010111001000011111001110000010011010000001000100110000101 010001010111010000000001011101011011000011011111000011000111000011010101
010010111000011011110111010110001010111001001001010111010100 010001010111010100000011010111100011010010010111100101000011010111011111
000100010101110001011011001111011000010101110000110010110011 000111000011010111001011100011000011010101000011010111011101010001100110
100100010110011001010110100010011000000101110000110010110011 011100010010100110001011010110000111010101000011010111011101000011100110
010010111010110001011001110100010010110100101011101010001111 010001010111100011001011011101011111010001010110001011010111011111011001
100100000100100010010111101100011110011101001100111010010011 011100001101001001010010000001010101000011010011010001011101011111011101
010010111000001100101010001001000111010101100000011010000101 010001010111000001011100011111010001010100100101000011010101000011011111
001011100010000001011001001001001010111000011010010111000111 010001010100011101011011010001011100010010000011010111011101010001011000
000010011110010010010011100101011100010110100010010001110011 000010001111011100000011010011000011010111001011011111010001010100011101
000110111101100011110111001001000010110001001100111010010011 010100000011010101011001010111010010000011010101010001011101011111011101
010010111000110100100010110001101010010101110101000110011001 010001010111001110011100010010010100100100000011010111011111010101010010
011010010110010000110000101110101000100101100010011001101101 010110001100010100000010010111011111000011010101010001100110000011010110
010010111010100100100000100011100100000101110010010000101100 010001010111011111011100000011010100011100001101010111010010000011010101
100111010100010010100010100011101000100110110010011010011001 011101000011000111010011001011010100011111010001100011010001011111010010
011010010110011011111000001111101000000101101010010000101110 010110001011011101000011011011000011011111001101010110010010000011010111
100111010010010000010111000111011000010101000011110110000100 011101011111011100000010011000001111000011010101010000011001010101001001
010001100110000011110001110010010011010001001000110000101100 010000010001011011000011010100011100010001011111010001010100000011010101
000100100101111011010000110100001011001001001000010110010011 000111000110011001010110000011011111010001011100010010000011010101100110
000010111010100010010001101001100000000110100011111001011001 000010010111011111010001011101000011011011000011011111000100011100010010
100100010101101001010110100010100100000101110000110010110011 011100010001010110001011010110000111011100000011010111011101010001100110
000110111101101100000000110010101000110100101011101010010011 010100000011010110011011000001011100011111010110000011010111011111011101
001000100110011001111001010101011101010001100010010111000111 001001010001011101001111011100000011010111011111000011010101010001011000
001110111101110001001011100001011100000101100000010111000100 001111000001010111001001100100000001010111000001010101000010010111001001
100000000110010101000100100011010011000000001011101010010011 011011000001011100011111010001011101000011011011000011010111011111011101
101010111000110011111001000111010011011000001000100110000101 000011010111001110000100011100001111010001100011000011000111000011010101
100000111110100000100000110010110010111110011010110100101110 011011000001011111000111000001011100100101000100011101010100000011010111
001000010110010001010011110101011000000110100010010111000111 001001010010011100001011001111100101000011010101001101011111010001011000
100110111101101000011010001111101001001001111100000100101110 011101011001010110000011011111000001011111011100000011011011010001010111
000110111101110101100010101110010010010101110101000110011001 010100000011010111100011010010010111100101000011010111011111010101010010
100000000110010000010110101001011000100110100000011001011001 011011001011011100000011010110010001010101000011011111001011011100010010
001000100110011101001001001001000101010110100011111001010011 001001010001011101011111011100010001000111100101000011011111001100100110
000110111101110100110111101100010010010000001101000010100100 010100000011010111011101000001010101000011001001001101011111000011001001
011111011000101100100010111000101000010101110001000010100100 011001100011001100010001010100011101011111001011010111001001000011001001
000010110100010010010010000101110001010010010011111010110011 000010010110000111000011001001001011010100011101011111011100000011011101
100111010000001011100100110011011000000110111100110101101001 011101011111000011010111010001011101010101000001001110011101010100010010
101010111010000100100111100110010011010000001000100110000101 000011010111011011011100000001001110010001011111000011000111000011010101
010010110101101101010111001111011010010100100010010001110011 010001010110100101100010010111011001010110001011001001010001010100011101
101010111000100001011010000101000111010000001000100110000101 000011010111001001010001011111001011010100011111000011000111000011010101
001100000100011101000100101111011100000101100010011001101101 001110000010010100011110000011010111000011010101010001100110000011010110
001000010101000101010110101001001000100100110010010010110010 001001010010010000100101100010010110010001001001000011001110000110001100
010010111010011101001001010101011010010101110101000000101100 010001010111011101011111011100000011010110001011010111011111000011010101
101010111000001000110001100101100001010000001000100110000101 000011010111000010010100011101001011011011011111000011000111000011010101
011100111101101001010111001011011000000110100101011001000001 010111011001010110001011011000010100010101000011001000100001011100000011
010010111000100001010011000101011101001101001000100110000101 010001010111001001010001001110001011010111011101000011000111000011010101
101001001000001011101001100110101011001101001011110111010011 011111011100000010010111011101001110100101100010100111000011010111100110
011111000010100011110110100101101001001001001100111010010011 000001011011011111000001010110000011011111011100010001011101011111011101
010010111000011011110100000101100100010101110101000110011001 010001010111010100011001010000010001011100000011010111011111010101010010
001000010110110000010110010101000011010001001011110111010011 001001010010100011000010010101100101100010001101011110000011010111100110
000011001010100010010111100100000010001110100110010110010011 000001011100011111010010011001001001000010010100011111000011010101100110
001000010110000011111000010101011000000110100010010111101110 001001010001011011000001011011100101000011010101001101011110000011010111
011010000101110010011000010101011000000110100011111001010011 010110000011010111010001011011100101000011010101001101011111001100100110
010010111000100010010000101110000011000001111011000100110011 010001010111001001010010000011010111000010011011000011010101010001011101
000010001100011101010110110101011000000110100010010111000111 000011010100100101100010010110100101000011010101001101011111010001011000
000110111110011011010111110000011110110001001101000000101110 010100000001100110010110000011011011000001010101000011011111000011010111
010001100100100100100111100111001010111000001101000010100100 010000000110001001011100000011010011000011010111001101011111010001001001
100100010100011000010110000011010011010010010000010111010100 011100010001010100000010010101011101010001011111011100000011010111011111
001111001000001011100010010000000011001000101011101010010011 001111011100000010010111001001011011001011011100000011010111011111011101
001000010110011011010111110000011000000110011101000100100011 001001001011100110010110011001011011010101000010011101011111010001010100
000010111010100000010011101111011100100110011101000100100011 000010010111011111000010001111000011010111010001011101011111010001010100
000110111101110000110000110100001010111000001101000010100100 010100000011010111010100000010011111000011010111001101011111000011001001
001000010110100011111100001001000110000110100010010111101110 001001010001011111000001010100011101000011010100001101011110000011010111
100100010110010001010011110101011000000110100010010111101110 011100010010011100001011001111100101000011010101001101011110000011010111
001011000001001001000010101101010010111101100011110011111001 001011011011000011001001001011010110010010000001010101000011010011010010
000110111101110100111010000001011101010001001011100111110011 010100000001010111011101011111000011010111011111010010010111011001011101
100001001000101001000100100011000010110100101011101010010011 011011011100010001001001010001010100000011010110000011010111011111011101
000111001000101000011010001111011000111100111010011001110100 010100011100010010001101011111000100010101000011010011010001011101011111
000110111101110000110100101100010010000110100011111001011001 010100000011010111011101010001010101010010000011011111000100011100010010
011010010110100100100111110000011110110001001101000000101110 010110001011011111011100000011011011000001010101000011011111000011010111
001011100010100100100000110110000010011100001011100001100101 001011010100011101011111011100000010100011000011001111000011010111011101
010010111000011011110111010011010011001110100001010111010100 010001010111010100000011010111011101010001011101011111000011010111011111
011010100100011100100111100001011010010110010010010001100001 010110000110010100011100011001000011010110001011011100010001010100000011
001010010001001101000111110010010010000101100010011001110100 001011001001000011011111000100011100010010000011010101010001011101011111
010011001101111011000000110100010010111101110010011001101101 000110011101000011010101001101011110000011010111010001100110000011010110
010010111010100011111100001001000110000110100010010111101110 010001010111011111000001010100011101000011010100001101011110000011010111
011010000110010010110010110100100000110000001000110010110011 010110000001011100010100000011011111011011010101001101011101010001100110
000110111101110101001001000001001000100100011101000010100100 010100000001010111011111011100000011001001010001010100011111000011001001
011100111101110101010111001001011110111001001110100010100100 010111000001010111100101100010010111100101000011010111000110100110001001
000110111101101100000110000101110000100110100010010010110011 010100000011010110011011010101001011010100011101010001011111010010100110
100000000110010000010110100001001110111000101101000100100011 011011000010011100000011010110000010001111010111001011011111010001010100
000010001100011001010111010100101010000110100010010111000111 000010010100011101001011010111001000000011100100001101011111010001011000
100100010100101101100000101100101010000110100010010111101110 011100010010010001100011000010010101100101100010001101011110000011010111
010010111010110001011001110100010010011100001101000010100100 010001010111100011001011011101011111000011001111001101011111000011001001
001010110000101000111010010010011110110011001101000100100011 010001010101001011010100011111011100000011010101010001011111010001010100
001000100110110001011001010100010010001110101011001010101101 001001000110100011001100011111010001010100100101000011010101000011010110
101001001000001011101001100001011010010110010010010001100001 011111011100000010010111011101000011010110001011011100010001010100000011
001011100010100100100000110011001010111010011011111001011001 001011010100011101011111011100000011011101001011010111011101001100010010
010010110110000001010111000101101001001000001000100110000101 010001010110011011001011010111000011011111011100000011000111000011010101
001010111010110010011001001111011100110100101011101010010011 010001010111100011000110011100000011010111010110000011010111011111011101
010010111010011010010111010101000011010001001011110111010011 010001010111011101010001010111100101100010001101011110000011010111100110
100110111100011010010111101100011110011101001000110000101100 011101011001011101010010000011010101000001010011010001010100000011010101
001011100000011011000000101101000011010001001011110111010011 001011010100011101010100010101000011010110001101011110000011010111100110
101010111000100010011000001100011110110100001101000100100011 000011010111001001010001011011010101000011010110000010011111010001010100
101010111001101010011001110100000010101100001000100110000101 000011010111010110010001011101011111001101010100000011000111000011010101
000110000110010001000100101111011000111100111010011001110100 010100000001011100001001010010000001010101000011010011010001011101011111
100000000110010101000100100011101010110000001101000010110011 011011000001011100011111010001010100100101000011010101000011011111011101
011010100100011100100111110111000011011000001000100110000101 010110000110010100011100011001100100001101100011000011000111000011010101
011010010101100011110010010010000010110100001101000100100011 010110001011010101000011001001011100000011010110000010011111010001010100
100001001000101000110100110000010011010000001101000010100100 011011011100010001011101010001011011010001011111001101011111010001001001
011000000110010110010111000111011111001100011011111000011001 010101000001011100010001010111001111000100011101010100011001011011010010
001000010110110001010110001111100000110100101011101010010011 001001010001100011001011010101000011011011010110000011010111011111011101
100100010101001011101001110100010011010010101101000010100100 011100010010010001010111011101011111010001011111100010011111010001001001
001000100100010000011001010100011110110001111011010010101111 001001010001000111000001011100011111011001010101011001010110010010011001
000110111101101011011010101110010010001100001000100110000101 010100000011010110100101100010010111000011010100000011000111000011010101
100110001100001011100010001001011100000110110010010000101110 011101010100000010010111001001010001010111001101100011010010000011010111
100110100101110001110000110000011111001000101000010111010011 011101010001011000001111000011011011000100011100010010000011010111100110
001011100010000000010111010011010010111101110000011001011001 010001010100011101011011000010010111011110000011010111001011011100010010
101010110010100100100000110011110011001110100001010110110011 000011010101011111011100000011011101010001011101011111000011010110100110
001000010100011100100100110011101000111100110000011001001111 001001010001010100011100010010011101011111011001001110000001011100011001
011010100101110010010001101111011011000010101101000010110010 010110010001010111010010010100000011010110011011100101100010011111001100
000010010000001100001010000001000100100101100010011010011001 000011001001000010011011011111000011000111010001010101000011011111010010
001011100000101011011000001100010010011011001010010111000111 010001001111100110001011010110011011010101000011001110000110010001011000
100001001001111011010100101100000010001101001001000100100011 011011011100011001010110010001010101000011011101010010001001010001010100
100100010100101011100000100011101000110100101011101010010011 011100010010010001010111000010010100011111010110000011010111011111011101
010010010001001011111001111001011100001110010000011001111001 010001001001010010011001011101010001010111010100011100000011011101010010
100100010100011011110011101110010011101000001000100110000101 011100001011010100000011001111010111000110100110000011000111000011010101
010001010101101010010110001001000011010001001011110111010011 010000100101100010010110010001010101010010001101011110000011010111100110
010110000110010101000000110011000011001101101010011010000001 010100000001011100011111000010011101000011011101010110010010011111000011
001011100010000000010111010011010010111101110010011001110100 010001010100011101011011000010010111011110000011010111010001011101011111
100111010100010011111001000100010010111000001101000010100100 011101000011000111000100011100001001000011010111001101011111010001001001
100111010100010100110010110001101010010101110101000110011001 011101000011000111011101000011010100100100000011010111011111010101010010
011100111101110100100010110011010010010000101011101010010011 010111000001010111011100001011100110000011001001000011010111011111011101
001011100010100100100000101110001010111110101100110110011001 001011010100011101011111011100001101010111010010000011011101010101010010
010010110110000001011001001001000010110001001100111010010011 010001010110011011010001011100010010000011010101010001011101011111011101
001000010101000101010110101001001000100100110010010010100100 001001010010010000100101100010010110010001001001000011001110000110001001
011010000110010001110100101110000010110001001110100010110011 010110000001011100010011000011010111000011010101000110100110010001100110
000110111101110101001001001001101100000101110000110010110011 010100000011010111011111011100000110100011000011010111011101010001100110
101001001000001011101001111001011001011000001011100100100001 011111011100000010010111100110010010010101100011001101010111010010000011
000011000010000100100111111000010010110100001101000010100100 000011011011011100000001010100011101000011010110001101011111000011001001
100001001000101001000111101101010010111000001101000010100100 011011011100010001001001000001010110000011010111001101011111010001001001
000111001001001011010100101110000010110001001100111010010011 010100011100010001010110000011010111000011010101010001011101011111011101
011100111101110100110010100011101000000110010010010000101110 010111000001010111011101001011010100011111001011011100010010000011010111
001011100010100100100000110000011110110000001101000010110011 001011010100011101011111011100000010011011000011010101001101011111011101
000110111101101100000010101110100110000110100011111001011001 010100000011010110011011001011010111011101000011011111000100011100010010
010010110101101101010111001111011000111100111010011001110100 010001010110100101100010010111000001010101000011010011010001011101011111
010010111000011011110110110000001011010000101011101010010011 010001011000010100000001010110011011000011011111000011010111011111011101
000110111101110101000010101101100000110000001101000010100100 010100000001010111011111000011010110011011010101001101011111010001001001
000010001100011101010110110101011000000110100010010111101110 000011010100100101100010010110100101000011010101001101011110000011010111
101001001000001011101001101111000110010100001011100100100011 011111011100000010010111100110011001011110010010000010010111010001010100
011100010101111100000110000001101000111101110010011001110100 010111010010011001011011010101001101011111000011010111000011011101011111
000110010101110101000010101110000011001001001000010111010011 011101001011010111011111000011010111001011011100010010000011010111100110
000011001110100100100111101110011110110101001000110000101100 000010011101011111011100000011010111000001010110010001010100000011010101
001000100110011100100010110011100000010100011101000010100100 001001010001011101011100010001011101011011001011010100011111010001001001
011010000110100001011001001001000010110001001110100010110011 010110000011011111010001011100010010000011010101000110100110010001100110
000110111101110100110010110001101010010101110101000110011001 010100000001010111011101000011010100100100000011010111011111010101010010
001000010100010001010111000101001000100100011101000100110011 001001001011000111010001010111000011001001010001010100011111010001011101
001010111010100011110110101111011000111100111010011001110100 001011010111011111000011010110000001010101000011010011000011011101011111
001010110000101000111010010010011110110011001100110100110011 010001010101001011010100011111011100000001010101000011011101000011011101
011011010101100101000100110000011000100100011010011010011001 010110000011010101011111000011011011010101010001011101010001011111010010
100100010110100100100111110110010011001010101100110010110011 011100001011011111011100011001100011000110011100000011011101010001100110
101010111001001011010000100111010010111000001000100110000101 000011010111010001010110000010010011010001010111000011000111000011010101
100111010010010000010010001001101100000110010010011010110011 011101011111011100000010001001010001100011001011011100010010000011011101
100110000101100101011010000001101000111110010010010000101110 011101000011010101100010011111000011011111000100011100010010000011010111
000010010010110010011001100001000100100101100010011010011001 000010001001100011000110100110000011000111010001010101010001011111010010
001011100010000100100010110011100110100110110010011010011001 001011010100011101011011011100000011011101010001100011010001011111010010
001011000001001100111010000101011010111101100011110011111001 010001011011010001011101011111000011010110000001010101000011010011010010
010000100110010011111001100001010110000101101011110101101001 010000010001011100000011011101000010010100000011010110011001010100010010
011011010101100101000100110110010011010000001011010100101110 010110000011010101011111010010100011000110011111000011010110000011010111
011100111101110000110111101101011011010101110010011001110100 010111000001010111010100000001010110100101100010010111010001011101011111
011010100110011001000100100001001110111001111100110100110011 010110010001011101001001000110010001001111010111011001011101000011011101
001000100110011000110111101110101000100101110101010010100100 001001010001011101010100000011010111011111010001010111100101100010001001
000110111101101100001010110100000011010001001011110111010011 010100000001010110011011100101100010011111001101011110000011010111100110
100001001001111101000111110100110011000001001000110000101100 011011011100011001011111000011011111010001011011010001010100000011010101
101001001000001011101001100011000011000001001101000000101100 011111011100000010010111100110010100000010011011010001011111000011010101
000110111101110101100010101110010010010101110000110010110011 010100000011010111100011010010010111100101000011010111011101010001100110
011000111101110001110100110100101010010001001011100000101100 010101000001010111010011000011011111100010001001000011010111000011010101
001000000110100000011000010010011110010010101000111010010011 001001001101011111000011011011011100000001001001000011010100011111011101
001000010110010001010011110101011000000110100011111001010011 001001010010011100001011001111100101000011010101001101011111001100100110
101010111000001100000111101100011110011100101101000100100011 000011010111000011011011000001010101000011010011001011011111010001010100
100111000000101000111010010010011111001100011011111000011001 011101011011001011010100011111011100000001011101010100000011011011010010
100001001001111001001010100011101000100110110010011010011001 011011011100011001001001000011010100011111010001100011000011011111010010
100100010101001011101010010010011110010010101000110010110011 011100010010010001010111011111011100000011001001100010011101010001100110
100100010100011010011000010010011110001100001101000010100100 011100010001011101010001011011011100000011010100001101011111010001001001
100001001000101100111010101101100001010010101011111010110011 011011011100010001100110000011010110011011001000000011100100000011011101
011111011000101100100111110000101000100101101010011001101101 011001100011001100000001011011011111010001010110010001100110000011010110
011010100100011100100111101101000010111000001001110010110011 010110000110010100011100011001010110000010010111010001010011000011100110
100111010000101001100000101110011111000001111011000100110011 011101011111001011001110000011010111000100011011000011010101000011011101
000011001110100100100111101100011110011101001000110000101100 000010011101011111011100000011010101000001010011010001010100000011010101
100000000101100000011010000001000100100101100010011010011001 011011000010010101000011011111000011000111010001010101000011011111010010
010001100110000011110011101100110010001100101011010100100001 010000000110011011011001001111010101000110011101010010010110010010000011
000011001111001011011000010100011110110100001101000100100011 001101011101010001010110011011011111000011010110000010011111010001010100
000110111101110001110010101110010010000101100010011010011001 010100000011010111010011010010010111010010000010010101000011011111010010
000110000100010011000010110011110011001110100001010110110011 010100001101000111000011010101011101010001011101011111000011010110100110
100110010101101010011010010010011111000001001000110000101100 011101001011010110010010011111011100000001011011010001010100000011010101
100001001000001000111010001001000110000101100010011010011001 011011011100000010010100011111010001010100000010010101000011011111010010
011100111101110000110111101101000100000110100000010111010100 010111000001010111010100000011010110000111000010011111000011010111011111
000011001010100010010001110101011000000110100010010111101110 000001011100011111010001010100100101000011010101001101011110000011010111
100111010101110001000000110010000011001000001010100000101110 011101100010010111001001000001011100000011011100000001010011000011010111
010010111000101110001000000101100100100100101011100001100101 010001010111010001010100011101011011010001011100010010000011010111011101
000110111101110101001001001001000101010110100011111001010011 010100000011010111011111011100010001000111100101000011011111001100100110
101000000111000010010010000101100100110101001100111010010011 011111000010010100011101000011001001001100010110000011011101011111011101
001010001101111011100111101101001011010010010010010001110011 010001010100000001010111000011010110001011011111011100010001010100011101
100001001000101100110001011001101000010110010010010000101110 011011011100001011011101000111010001011111010001011100010010000011010111
100111000000101000111010101100000011010001001011110111010011 011101011011001011010100100101000011010101001101011110000011010111100110
100100010100011011110011101110010011101000001000100110011001 011100001011010100000011001111010111000110100110000011000111010101010010
001000010100011011110111000111001011001110100000010111010100 001001010001010100000011010111010011001011011101011111000011010111011111
101010111010010001011001110100100100100100011101000010100100 000011010111011100010010011101011111011100010001010100011111010001001001
001011011000001011100011100101011000100110011101000100100011 010010100011000010010111010011000011010101010001011101011111010001010100
001011100000101000111010110100010010111101110001011001010011 001011010100011101000011010100100101100010011110000011010111001100100110
001000100110011101001001001001000101010110100010010111101110 001001010001011101011111011100000011000111100101100010011110000011010111
100100010100111101010110000001101000100101110001110110011001 011100001011001111100101000011010101001101011111010001011000010101010010
100111010100010000110111101110101001001000001000111010010011 011101000011000111010100000001010111011111011100000010010100011111011101
011100010100011100100111101100011110011101001100111010010011 010111000011010100011100000100010101000011010011010001011101011111011101
100100010110000101010001001100010010001100010000010111001011 011100010010011011000011000111010101010001010100000111000010011000010100
000110110001001011101010001111011100111101101010010001110011 010100010101010001010111011111000011010111000001010110010001010100011101
010010110110000100100100110011011110111001101001010111010100 010001010110011011011100010001100110000011010111010110000011010111011111
000110111101101100000110001001011010010101110101000010100100 010100000001010110011011010101000011010110001011010111011111010001001001
001010111000011000011000010011101010110000001101000010100100 001011010111010100000010011011011101000011010101001101011111010001001001
001000010110011010011001000001000100100101100010011010011001 001001010001100110000110011100000011000111010001010101010001011111010010
000110111101101100001010100111100100000110000010000100100011 010100000001010110011011100101100010001111011100000010001110010001010100
010010111010011001010001110101100100100110100010010010110011 010001010111011101000011010100100101100001011100010001011111010010100110
000010001100011101010110110101011000000110100010011011000101 000011010100100101100010010110100101000011010101001101011111010001100011
001011000001001100110001101111100000000101100010010000101110 010001011011010001011101010100000011011011001101010101010010000011010111
100100000100100010010111101100011110011101001000110000101100 011100001101001001010010000011010101000001010011010001010100000011010101
000110111101110101001001001001000101010110100010010111101110 010100000001010111011111011100000011000111100101100010011110000011010111
001011010011001011010111101100011110011101001000110000101100 001011011111000011010110000011010101000001010011000011010100000011010101
000011010010100100100100100010101011010000001000100110000101 000011011111011100010001000111100101000011011111000011000111000011010101
001100100100111101011001000001101000100110110001010110011001 001110010001001111100101100001011100000011011111010001100011010101010010
010001100110000011110011101100110010001100101011010100100011 010000000110011011011001001111010101000110011101010010010110010001010100
000010001001111011000100110100010010111101110010011001101101 000010000111000011010101010001011110000011010111010001100110000011010110
000110000101100000111010101100000011010001001011110111010011 010100000010010101010100100101000011010101001101011110000011010111100110
001011100010000000011010010010010010000110100010010111101110 001011010100011101011011001101011111011100010010001101011110000011010111
011010100100011100100111110011110011001110100001010110110011 010110000110010100011100011001011101010001011101011111000011010110100110
100000000101100001010111101110101000111101100011110011111001 011011001101010101010010000011010111011111000001010101000011010011010010
001000010110010001010011110101011000000110100010010111101110 001001010010011100001011001111100101000011010101001101011110000011010111
010011001010010001010011110101011000000110010010011010011001 010001011100001011001111100101000011010101001011011100000011011111010010
000110000101100010010011001111100100111001001000010111010011 010100000010010101010001001110000100011100010111100101000011010111100110
001011100010000001011001001001001010111010100010010000101100 001011010100011101011011001011011100010010001011010111011110000011010101
100100010101001011101011000101100111010001101001010111010100 011100010010010001010111100011001011011101011111010110000011010111011111
101001001000001011101001110000011000000101110101000010100100 011111011100000010010111011101011011010101000010010111011111010001001001
100000111101110101000100100110010010001100001101000010100100 011011000001010111011111010001001110000011010100001101011111010001001001
101001001000001011101001110000000010001101001001100100100011 011111011100000010010111011101011011000011011101010001001110010001010100
101000010101100001010111101100011110011101001000110000101100 011111010010010101010010000011010101000100010011010001010100000011010101
001011100000011100101010100011010010000110100010010111000111 010001010100011101010100011100100010011110010010001101011111010001011000
011010010110100010010001110101011000111110101100110110011001 010110000011011111010001010100100101000011010101000011011101010101010010
000110111101110100111010001001101001010100101011101010010011 010100000011010111011101011111010001001000100010000011010111011111011101
100111010100010000110111101110101000100101110001010111010100 011101000011000111010100000001010111011111010001010111000011010111011111
100001001001111000111010001111011000111100111010011001110100 011011011100000100010100011111000001010101000011001111010001011101011111
100100010100100010011001110100100100100100010101011010000101 011100010010001001010001011101011111011100010001000111100101100010011111
000110111101110100110100110011101000010101110101000110011001 010100000011010111011101010001011101011111000011010111011111010101010010
001010111010100000010111000111011000010101101001010111010100 001011010111011111000010011000001111000011010101010110000011010111011111
000110111101110100110010110001101010010101110000110010110011 010100000001010111011101000011010100100100001011010111011101000011100110
000110111101110101000100101110001010111010100000010110010011 010100000001010111011111000011010111001011010111011111000011010101100110
001011100000001011010100101110000011010001001011110111010011 010001001111100110000010010110000011010111001101011110000011010111100110
010010111010100100100000100011011110110110000000010111011001 010001010111011111011100000011010100000001010110011011000011010111010010
011010100110011000110000101100000111010101100000011010000101 010110010001011101010100000010010101010100100101000011010101001101011111
100110001110010101011000010101011000111110101100110110011001 011101010100011100100010011011100101000011010101000011011101010101010010
100111010100010011001010111000000011010001001011110111010011 011101000011000111010101000011010100011101001101011110000011010111100110
011010111101110101010110100101011101010000001011000110011001 010110000001010111100101000011010110001011010111011111000011010101010010
000110111101001011100001101001001000010101110101000000101100 010100011001010001010111011101000011001001001011010111011111000011010101
101000010101100001010001110100100100111101110010010001110011 011111001011010101000011010100011111011100000001010111010001010100011101
011011010101100101000100110000011000010111000001011001010011 010110000011010101011111010010011011010101001011010100011101001100100110
011100111101110100000111101100010011010001001000110000101100 010111000001010111011011000011010101010001011111010001010100000011010101
101001001001001000101010101100000011010001001011110111010011 011111011100010001000111100101000011010101001101011110000011010111100110
100000111101100110010001101111011100111101101010010001110011 011011000001010101010001010100000011010111000001010110010001010100011101
100111010100010100001001001001011100001101001100000000101100 011101000011000111011011011100010001010111011101000011011011000011010101
010010111001111000111010101100000011010001001011110111010011 010001010111000001010100100101000011010101001101011110000011010111100110
101010111001001101100010110010100110000101100010011010011001 100101100010010111000011100011001100011101000010010101000011011111010010
001000010101101011110001110010000011010001001110100010110011 001001010001010110000001010100011100000011011111000110100110010001100110
100000000101100001011001110100010010111001001000010111010011 011011000010010101010001011101011111010001010111010010000011010111100110
000010111010100010010001001001011111010001001000110111110011 000010010111011111010010000111010010000001011111010001010100011001011101
001010111000011110010001101100011111000000101001000100100001 010001010111011101000110010100010101000011011011010010001001010010000011
101010111001101010011001110100000010101100001000100110011001 000011010111010110010001011101011111001101010100000011000111010101010010
011010010110010010010001100001011101010000001011101010000101 010110001011011100010010010100000011010111011111000001010111011111001101
