01001011011000000101100100100100001011000100110011101000100100011 010001010110011011010010011100010010000011010101010001011101011111010001010100
00101011000010100011101001001001111011010010100100010010001110011 010001010101001011010100011111011100011001010110001011001001010001010100011101
10101011101000010010001010001100101001000010101110101000010100100 000011010111011011011100001011011101010001001001001011010111011111010001001001
00011011110111000111100100000110100101010110000001101000010100100 010100000011010111001111011100000010001000000011010101001101011111010001001001
10011101010001010000100100100101110000110100110000000010110010011 011101000011000111011011011100010001010111011101000011011011000011010101100110
01111101100010110010100000111110000101010110000001101000010100100 011001100011001100011011000001011011100101000011010101001101011111010001001001
00100001011000000101011100010000001000100100101100010011010011001 001001010001011011001011010111001001000011000111010001010101010001011111010010
10011010010011101110010010011001001000110000101110101000110011001 011101010001001111010111010001001110010001010100000011010111011111010101010010
10101011101001000101100001001000101100110010101110101000010100100 000011010111011100001011011011011100010001100110001011010111011111010001001001
10101011100010110001101010100110110011110001100001000100110011001 000011010111010001010100100100010001100011000011010100000011000111010101010010
01001011100011001001011100100110100001011001101001011010000101100 010001010111001110010001010111010001011111001011011101010001010110000011010101
01101010010001110010011110010100011011110111001111011010100100011 010110000110010100011100011001001011010100000011010111000001010110010001010100
01110011110111000011011110110100010000011010000001011101010010011 010111000001010111010100000011010110000111000010011111000011010111011111011101
01101000011010010010010010001110101011000000110100010010111000111 010110000011011111011100010001010100100101000011010101001101011111010001011000
00011100100010100100010011010000001011101001110100000010110010100 010100011100001011001001010001011111000011010111011110011111000100010101011111
10011011111011001001001011010001111011000111100111010011001110100 011101011001100011010010000011011111000001010101000011010011010001011101011111
01001011100010001001100111000000101011101001100001000100110000101 010001010111001001010001011101011011001011010111011101000011000111000011010101
01001011100010000101001100000110100010010011100001000100110000101 010001010111001001010001001110000010011111010001001111000011000111000011010101
00011011110111000011011110110101001101000000101110101000110011001 010100000001010111010100000001010110000011011111000011010111011111010101010010
00101011000010100011101001001001111000111010110100010010111101110 010001010101001011010100011111011100000011010100100101100010011110000011010111
10011101010001000011011110111010100010010111000101011101010010011 011101000011000111010100000001010111011111010001010111000011010111011111011101
01001011101001100101011101001101001101000100110110010011010011001 010001010111011101001011010111011101000011011111010001100011000011011111010010
10010010010001101111100111010010010101011101001001011110111000101 011100010010010100011001011101011111011100100010100110010010011001010111010010
01010101011100010100000011000001111100110100110100010010111101110 010011000011010100011101011111000011011011000011100110010001011110000011010111
10011001010110101001001100100101110000010110001001100111010010011 011101001011010110010010001110000110010111000011010101010001011101011111011101
00100010011001101001011100011000101000111010000001011101010010011 001001010001011101010001010111001110001011010100011111000011010111011111011101
10100100100100100001011100011110101011000000110100010010111101110 011111011100000110000010011000001111100101100010010101001101011110000011010111
00111001011001001111011101010001111011000111100111010011001110100 010011001011011100000011010111011111000001010101000011010011010001011101011111
10000100100010100110000010001010010010010001100001101000010100100 011011011100010010001110000010000111011100010001010100001101011111010001001001
01110011110111000011011110110101101101010111001001100111010010011 010111000001010111010100000001010110100101100010010111010001011101011111011101
00100010011001100001001001011000001011101010000001001110010110011 001001010001011101000011001001100011000010010111011111010001010011010001100110
00100010011001101001011101011000101100111010001101001010111010100 001001010001011101010001010111100011001011011101011111010110000011010111011111
10000100100111110011101000000110100001010001110100011110110111001 011011011100000001011101011111001101011111001011010100011111000011010110010010
10010001011000010010001010100000101011101001101001000100110000101 011100001011011011011100010001010000001011010111011101000011000111000011010101
00011011110111000110010010111000100101011001110100100100100100001 010100000001010111001110010001010111001001000011011101011111011100010010000011
01001011101001110100010011010010101000110100101111011100000101100 010001010111011101011111010001011111100010011101010010000011010111000010010101
10101011100100101110010000000100010010011010000001000100110000101 000011010111010001010111010000000010000111000011011111000011000111000011010101
01001011100001101111011101001101001100111010000101011100001111001 010001010111010100000011010111011101010001011101011111000011010111011101010010
10011101010001010011101000100110100101011010001001011110111010011 011101000011000111011101011111010001011111100101100010011110000011010111100110
00011011000100101101000011010001111011000111100111010011001110100 010100010101010001010110000011011111000001010101000011010011010001011101011111
01001011100010111000100000010101110100110100110110001010110011001 010001010111000011010100011101011011001011010111011101010001100011010101010010
01101000011001001011001011010000001011010010110010010010001100001 010110000001011100010100000011011111000011010110001011011100010001010100000011
00100010011001101101000010111010100011000010101101001010111010100 001001010001011101010110000010010111011111000011010101010110000011010111011111
01001011010110110101011100111101100011110011101001000110000101100 010001010110100101100010010111000011010101000001010011010001010100000011010101
00011011110110110000000011001010100011010010101110101000000101100 010100000011010110011011000001011100011111010110001011010111011111000011010101
00001000111010001001011100111101101110010001101111100110100110011 000010010100011111010001010111011001010110000110010100011001011101010001011101
10000100100100101101010011010001001101100100110011101000100100011 011011011100010001010110010001011111010001100011010001011101011111010001010100
00100010011001100011011110111010100010010111010101010010111000111 001001010001011101010100000011010111011111010001010111100101100010010001011000
10011011110001101001011110010100011011110111001111011010100100011 011101011001011101010010011001001011010100000011010111000001010110010001010100
00010010010111100100001010011110010000010010000001000100110000101 000111000110011001001001000011001111011100001101001001000011000111000011010101
01110001010111110000011111001101001101000100110110010011001110100 010111010010011001011011000100100110000011011111000011100011010001011101011111
01001011100010110110010011010000001000100100101100010011010011001 010001010111001011100011010001011111000011000111010001010101010001011111010010
01101001011001101111100000111110100000010110101001000010111010011 010110001011011101000011011011000011011111001101010110010010000011010111100110
10000100100010101100010010110101001011100000110010010010110011001 011011011100010001010101010001010110000011010111001011011100010001010101010010
00101110001000000101100100100101101001010111010100010010111000111 001011010100011101011011001011011100000011010110001011010111011111010001011000
10010001011010010010011110000100011101000100110110010011010011001 011100001011011111011100011001000010010100011111010001100011010001011111010010
00101110001010001111100101010001001011110111001001100111010010011 001011010100011101011111000100011100011110000011010111010001011101011111011101
10010001010010111000000010110101001011100000110100010010111101110 011100010010010001001111100110000010010110000011010111001101011110000011010111
01101010011001100011000010110000011101010110000001101000010110011 010110010001011101010100000010010101010100100101000011010101001101011111011101
01110011110111010010001011001110100100100100100011101000010100100 010111000001010111011100010001011101011111011100010001010100011111000011001001
01111101100010110010100100010100111101010110000001101000010100100 011001100011001100011100001011001111100101000011010101001101011111010001001001
10100100100000101110100110000101101001011001001001000110000101110 011111011100000010010111100110000011010110001011011100010001010100000011010111
10101011101000010010001010010001001000111010000001000100110000101 000011010111011011011100010001001001010001010100011111000011000111000011010101
10101011101001000101011000100100001000100100101100010011010011001 000011010111011100010010010101000110000011000111010001010101010001011111010010
01101010011001110010001011000010010001011001100101011101010010011 010110010001011101011100001011011011011100000011100110001011010111011111011101
01001011100010001111000111010010010010010111000001101000010100100 010001010111001001000001010100011111011100000011010111001101011111010001001001
00011100100010100001101000111101100011110011101001100111010010011 010100011100010010001101011111000100010101000011010011010001011101011111011101
00111000011001000100001010111000001011010010110010010010001100001 001111000001011100001001000011010111000011010110001011011100010001010100000011
01110011110111000100001010010010101000111010001001000100110000101 010111000001010111001001010001001001000011010100011111010001000111000011010101
00011011110000110010101000100100011101010110000001101000010110011 010100011001000001011100011111010001010100100101100010010101001101011111011101
01001011100001101111011011000000101101000010101110101000110011001 010001010111010100000001010110011011000011011111000011010111011111010101010010
10010001011000010010011110011100101011100010110100010010001110011 011100010010011011011100000100010011000011010111001011011111010001010100011101
10010001010001100001011000001110101011000000110100010010111101110 011100010010010100000010010101010100100101000011010101001101011110000011010111
10010001010010000101101100010101100011111000001101001010111010100 011100010010001001010001100011001011010101000011011011010110000011010111011111
01011100100010100100010011010000001011101001110100000010110010100 010100011100001011001001010001011111000011010111011101011111000100010101011111
01101000010111001001100001010101100000011010001001011110111010011 010110000011010111010001011011100101000011010101001101011110000011010111100110
10011001010110101001011000010100111001010111000100000011001011001 011101001011010110010010010101001011010011000011010111001001001011011100010010
00011011110110110000101011010000101100100001110010000010011010100 010100000011010110011011100101100010011111001100010100011100000010001110011111
10000100100010110011000101100110100001011001001001000010111010011 011011011100001011011101000111010001011111010001011100010010000011010111100110
10011101010001010011101000000101110101000100100001101000010100100 011101000011000111011101011111000010010111011110010010001101011111010001001001
01001011100001101111011010110110101011100100100011000010010001111 010001010111010100000011010110100101100010010111000011010100000001001001011001
00011011110111010011001010001110101101000100110110001010110011001 010100000011010111011101001011010100100101000011011111010001100011010101010010
00101010111001110000011111001010100001100100101110000010111010011 001011010100011101011011000100011100011111001110010001010111000011010111100110
00100010011001100011100100100101101010010111000001101000010100100 001001010001011101010100011100010001010110000011010111001101011111000011001001
00001011101010001001000110111101101011011010101110010011001110100 000010010111011111010010010100000001010110100101000011010111010001011101011111
00011100100100101101010010111001111011000111100111010011001110100 010100011100010001010110010001010111000001010101000011010011010001011101011111
10100100100000101110100111000000001100100010101110101000110011001 011111011100000010010111011101011011001011011100000011010111011111010101010010
00101110001000000101001000100110100010010111101110000011001011001 001011010100011101011011000011001001010001011110000011010111001011011100010010
10011100000010100011101000000100011101010110000001100100110011001 011101011011001011010100011111000010010100100101000011010101001100010101010010
01001011011000010010000010001110100010010001100001000100110000101 010001010110011011011100000010010100011111010001010100000011000111000011010101
01001011100010000101100110001110010010010001000001000100110000101 010001010111001001010001011101010100011100000110000111000011000111000011010101
00101110001000010010001011001110011010010111101110010011001101101 010001010100011101011011011100001011011110000011010111010001100110000011010110
00101011101011001001100100111101110011010010101110101000000101100 010001010111100011000110011100000011010111010110001011010111011111000011010101
10011000110000101110001000100101110000011011001001000010111010011 011101010100000010010111001001010001010111001101100011010010000011010111100110
00100010011001110100100100100100010101011010001001011110111010011 001001010001011101011111011100000011000111100101100010011110000011010111100110
00101100000100110011000110111110000000010110001001000010111010011 010001011011010001011101010100000011011011001101010101010010000011010111100110
10010001010001100001011000001110101011000000110100010010111000111 011100010010010100000010010101010100100101000011010101001101011111010001011000
00001011101010001001000100000100011101000010110010010010000101100 000010010111011111010010000111000010010100011111010001011100010010000011010101
10010001010001101111011101001110100100101010100011101000010100100 011100010010010100000011010111011101011111011100000011010100011111010001001001
10101011100010111000100000110000001010010111000001000100110000101 000011010111010001010100011101011011010101001101010111000011000111000011010101
00001011101010001001000110110001001011010000100011101000100100011 000010010111011111010010010100010101000110010110000010010100011111010001010100
00101011100001111001000110110001111100000010100100010011001110100 010001010111011101000110010100010101000011011011010010001001000011011101011111
01101010010111001001000110111101101100001010110100001011001010011 010110010001010111010010010100000011010110011011100101100010011111001100100110
10100100100000101110100110000110100011000000101110101000100100011 011111011100000010010111100110000011011111010101000010010111011111010001010100
10010001010100000001000100100101100010011010000001101000010100100 011100010010010000000011000111010001010101000011011111001101011111010001001001
00001100100011110101011010010101110101000000110100010010111101110 000001011100001111100101000011010110001011010111011111001101011110000011010111
10101011100000101101000100100100111101010111110101100110110011001 000011010111000010010110000111010001001111100101100010000011011101010101010010
00100010011001101001011101010000101001111001000001101000010100100 001001010001011101010001010111011111000011001111011100001101011111010001001001
01001011101001110100100101010101101001010111010100000010110010011 010001010111011101011111011100000011010110001011010111011111000011010101100110
00001000110001100101100001010000001000100100101100010011010011001 000011010100011101001011011011011111000011000111010001010101000011011111010010
00001001101001001111000010110100101100100100100011000010111010011 000010001110011100011001000011010110001011011100000011010100000011010111100110
00101011100010001111000111001001001011100111101100011110011111001 001011010111001001011001010100011100000011010111000001010101000011010011010010
10101011101001100101011101010001001011010010101110101000000101100 000011010111011101001011010111011111010001010110001011010111011111000011010101
01110011110111000011011110111000110011111001001101010011010011001 010111000001010111010100000011010111001110000100011100010110000011011111010010
10100011111010000001011000100110100000011001001001000010111010011 011111011001011111000010010101000011011111001011011100010010000011010111100110
10100100100000101110100111000001111100101010000001000100110000101 011111011100000010010111011101011011000100011100011111000011000111000011010101
00011011110111010100100100100100010101011010001001011110111010011 010100000001010111011111011100000011000111100101100010011110000011010111100110
01101010011001110010001010001101111001110111001001110100010110011 010110010001011101011100001011010100000011001111010111000110100110010001100110
10011101010001000011011110111010100100100000100011101000010100100 011101000011000111010100000001010111011111011100000010010100011111010001001001
00101011101010001111011010111101100011110011101001100111010010011 001011010111011111000011010110000001010101000011010011000011011101011111011101
10101011100000101110101000100100011010011000000001101000010100100 000011010111000010010111011111010001011101000011011011001101011111010001001001
00100001010001101111011100011100101100111010000001011101010010011 001001010001010100000011010111010011001011011101011111000011010111011111011101
00101011101010000001011100011101100001010110100101011101010010011 001011010111011111000010011000001111000011010101010110000011010111011111011101
00111100100000101110001000100101100011111000110101001010111010100 001111011100000010010111001001010001010101000011010100100100000011010111011111
10101011100101010101100111010001001001100100100001000100110011001 000011010111010011000011011101011111010001001110000110000011000111010101010010
00101011100010001111011010010110100100100100101111100110100110011 001011010111001001011001010110001011011111011100010010011001011101010001011101
10000100100111110100001010001110100010010111101110010011001101101 011011011100000011011111001011010100011110000011010111010001100110000011010110
01101000010011101110010010011001001000110010101110101000110011001 010110000010001111010111010001001110000011011101000011010111011111010101010010
01001011100010000101100000010101110001000010101110101000110011001 010001010111001001010001011011001011010111001001000011010111011111010101010010
10101011100001101111011011000000101011101001100001101000010100100 000011010111010100000001010110011011000011010111011101001101011111010001001001
10100001010110000101101100000101110001110010101100010011001110100 011111001011010101000011100011000010010111010011000011010101000011011101011111
01001011100010001001101100100100100101010000101100010011010011001 010001010111001001010001100011010001010011100010000010010101010001011111010010
00100001010010010101000111010001001000100100101100010011010011001 001001010001001001000011010100011111000011000111010001010101000011011111010010
01001011101011001001011100001101001000100100101100010011010011001 010001010111100011010001010111011101000011000111010001010101010001011111010010
00101011000010100011101001001001111100111010000001101000100100011 010001010101001011010100011111011100011001011101011111000010011111010001010100
01101010010001110010011110001101111011011000010101101000010110010 010110000110010100011100011001010100000011010110011011100101100010011111001100
10000100100010100100011110110101001011100000101110101000110011001 011011011100010001001001000001010110000011010111000011010111011111010101010010
10000100100111110000000010011100001011100010001001100111010010011 011011011100000001011011000011001111000010010111001001000011011101011111011101
01101011111010001111100100001111001000110110001001100111010010011 010110011001011111001100011101000110010100000011010101010001011101011111011101
10101011100001101111011111001000100010010111000001101000010100100 000011010111010100011001000100011100001001000011010111001101011111010001001001
00100011110001110101011010010101110101000000110100010010111101110 001001000001010100100101000011010110001011010111011111001101011110000011010111
01001011101010010010000010110100001100100011101001011100000101100 010001010111011111011100000011010110000001011100010011010001010111000011010101
01001011100010010101100111010010010010010000101100010011001110100 010001010111001001000011011101011111011100010010000011010101010001011101011111
01001011100010111000100000010110010010010010101110000110010100100 010001010111010001010100011101011011010001011100010010000011010111011101011111
00101110001010010010000011000001111011000000110100010010111000111 001011010100011101011111011100000010011011000011010101001101011111010001011000
10000100100111110011101000000100111011000000101110001000100101110 011011011100011001011101011111000010001111010101000010010111001001010001010111
10000000011001010100010010001101001100000000110100011111001011001 011011000001011100011111010001011101000011011011000011011111000100011100010010
00101001000100110100011111001001001000010110001001100111010010011 001011001001000011011111000100011100010010000011010101010001011101011111011101
10000001010001110101011000100100001100100100110100010010010110011 011011010001010100100101100010010101010010001011011100000011011111010010100110
10101011100011000001011010100101100010010000110010010011010011001 000011010111001110000011010110010001010101100101001011011100000011011111010010
01001011101011000101100111010001001001110000110100011111001011001 010001010111100011001011011101011111000011001111000011011111000100011100010010
10110011110110000011000010111001111011000111100111010011001110100 100011000100010101010100000011010111000100010101000011010011010001011101011111
00001000110001110101011011010101100000011010001001011110111010011 000011010100100101100010010110100101000011010101001101011110000011010111100110
01001011100010001001100111000000101011101001101001000100110000101 010001010111001001010001011101011011001011010111011101010001000111000011010101
10000000011001010100010010001110101011000000110010010011010011001 011011001100011111010001010100100101000011010101000010011100000011011111010010
01101000011010000101100100100100001011000100110011101000100100011 010110000011011111010001011100010010000011010101010001011101011111010001010100
00001011010111001001011110001100101011101010000101100110100110011 000010010110010111010010011001011101001011010111011111010010011101010001011101
00101110001010010010000011000001111011000000110100010010111101110 001011010100011101011111011100000010011011000011010101001101011110000011010111
00100010011001110010001011001110000001010001110100001101010101100 001001010001011101011100010001011101011011001011010100011111001110000011010101
00100010011001100011011110111010100010010111010101010011010011001 001001010001011101010100000001010111011111010001010111100010010001011111010010
00011011110110110000000011010001001000100100101100010011010011001 010100000011010110011011000010011111000011000111010001010101000011011111010010
00101110001000000101100100100101101001010111010100001011001010011 010001010100011101011011001011011100000011010110001011010111011111001100100110
10010001010001101111011101001110100010011010010101101000010100100 011100010010010100000001010111011101011111000011011111100010011111010001001001
00011000011001000100010010111101100011110011101001100111010010011 010100000001011100001001010010000001010101000011010011010001011101011111011101
00111110010111000101000110111101100011110011101001000110000101100 001111000110010111000011010100000011010101000001010011010001010100000011010101
01101001011010010010011111000001111011000100110100000010111010011 010110001011011111011100000011011011000001010101000011011111000011010111100110
00011011110111010011100000100100011101010111110101100110110011001 010100000011010111011101011011010001010100100101100010000011011101010101010010
01001011100001100001100000000100011010011010000001101000010100100 010001010111010100000011011011000010011101010001011111001101011111010001001001
00101110001000001100011111001000001101100100110011010010111101110 010001010100011101011011010101000100011100000011100011010001100111000011010111
10011101001001000001011100011110101011000000110100010010111101110 011101011111011100000010011000001111100101000011010101001101011110000011010111
00101011100001111001000110110001111100000010100100010010000110011 010001010111011101000110010100010101000011011011010010001001010010000011100110
01111011000100100111011111000001111011000100110011101000100100011 011001010101010001001111000011011011011001010101010001011101011111010001010100
00101110001000010010011111000010010010010000110100010010111101110 001011010100011101011011011100011001011011011100010010001101011110000011010111
01001001000100101111100111100101110000111001000001101000100100011 010001001001010010011001011101010001010111010100011100000010011111010001010100
10000100100111110110010010111000011010010000101100010011001101101 011011011100000011100011010001010111001000000011010101010001100110000011010110
00111110010111000101000110111101100011110011101001100111010010011 001111000110010111000011010100000001010101000011010011000011011101011111011101
10101011101000010010001010010001001000111010000001000100110011001 000011010111011011011100010001001001010001010100011111000011000111010101010010
10101011100101010101100111010001001001100100100001000100110000101 000011010111010011000011011101011111010001001110000110000011000111000011010101
00011011110110100010010010111000001000100100101100010011010011001 010100000011010110000111000110010111000011000111010001010101000011011111010010
01100000011001011001011100011101111100110001101111100000100100011 010101000001011100010001010111001111000011011101010100000001011011010001010100
10101011100001101111011011000001100010010001100001101000010100100 000011010111010100000001010110011011010101000011010100001101011111010001001001
00101101000100001110011110001100101011101010010010010011001101101 001011100000010111011001011101001011010111011111011100010001100110000011010110
00011011110110110000101011010000001101000100101111011100000101100 010100000001010110011011100101100010011111001101011110000011010111000011010101
01000000010111000100001010110010011000100000101110010110010101110 010000000010010111001001000011010101011101000111000010011000010100000011010111
01111100100011100001011100111100111001010111000101100110100110011 000100011100001111000011010111011001010011001011010111000011011101010001011101
10010000010010001001011110000100011101000100110110010011010011001 011100001101001001010010011001000010010100011111010001100011000011011111010010
00101011000010100011101001001001111011010000100111011100010110100 010001010101001011010100011111011100011001010110000010001111010111000011011111
00011011110111000110000010001010101011000000110100010010111101110 010100000011010111001110000010000111100101000011010101001101011110000011010111
01001011101010010010000011001110000001010001101001001100100100011 010001010111011111011100000011011101011011000011011101010001001110000011010100
10110000010110000101001000100100011101000111110010010010000101110 100011000010010101000011001001010001010100011111000100011100010010000011010111
10000100100111100010011000010101101000011010001001000110000101100 011011011100000001000111010101000011010110000010011111010001010100000011010101
01110011110111000101011000010100011101001001001001000110000101100 010111000001010111010001010101001011010100011111011100010001010100000011010101
01001100110111100101011000010100011101001001001111011100100100011 000110011101011001010001010101001011010100011111011100000001010111010001010100
10011010110000101110001000100101110000011011001001100110101100001 011101010100000010010111001001010001010111000011100011010001011101010100000011
01101000011001001011001011010000001000100100101100010011010011001 010110000001011100010100010001011111000011000111010001010101010001011111010010
10000100100111100110010011010000001000100100101100010011010011001 011011011100000001001110010001011111000011000111010001010101010001011111010010
10000010010010111010011110010101100001010001110100100100100100011 011011000110000011100110011001000011010101001011010100011111011100010001010100
10011101000010110010001010111110100110011000001001000110000101100 011101011111001011011100010010011001011111010001011011010001010100000011010101
00001100100011110101011010010101110101000000110100010011011000101 000001011100001111100101000011010110001011010111011111000011011111010001100011
01101000010001110010011110010100011011110111001111011010100100011 010110000010010100011100011001001011010100000011010111000001010110010001010100
01001011100010001001101100100100100101010000101100010011001110100 010001010111001001010001100011010001001001100010000011010101010001011101011111
01110011110111010010001010011010101011100010000001000100110000101 010111000001010111011100010001001110000011010111001001000011000111000011010101
01000110010010010010011110010101100001010001110100100100100100011 010000000110001001011100011001010001010101001011010100011111011100010001010100
01110011110111000011011110111000110011111001001101010011001110100 010111000001010111010100000011010111001110000100011100010110010001011101011111
10101011101001110000001010001110100000010001110101011000000110010 000011010111011101011011001011010100011111000010010100100101000011010101001100
00100001010111101110101000111101100011110011101001000110000101100 001001010010000001010111011111000011010101000001010011000011010100000011010101
00100001011011000101011000111110000011010010101110101000000101100 001001010001100011001011010101000011011011010110001011010111011111000011010101
00101110000001101111011010110110101011100100100011000011010000101 001011010100011101010100000011010110100101100010010111000011010100001101011111
