001010111000100011110001110010010010111001111011000111100111010011001110100 001011010111001001011001010100011100000011010111000001010101000011010011000011011101011111
100110010101101010010001111001011000100101110001001001001001000110000101100 011101001011010110010010011101000011010101010001010111001001011100010001010100000011010101
001011000001001001000010101101010010111101100011110011101001100111010010011 001011011011000011001001010010010110010010000001010101000011010011010001011101011111011101
011010100100011100100111100010010010111101100011110011101001100111010010011 010110000110010100011100011001000111010010000001010101000011010011010001011101011111011101
001011100010100100100000100011001010110001100101010110000001100100110011001 001011010100011101011111011100000011011101001011010101100101000011010101001100010101010010
011010100100011100100111100101011000010100011101001001001111011100100100011 010110000110010100011100011001010001010101001011010100011111011100000001010111010001010100
101010111010000100100010100011001010010000101011101010000101001000110011001 000011010111011011011100001011011101000011001001001011010111011111010001001001010101010010
010010111010011101001001010101011010010101110101000000101100010011001110100 010001010111011101011111011100000011010110001011010111011111000011010101010001011101011111
000110000110010001000100101111100001010101100011010111101110000011001011001 010100000001011100001001010010011001011011100001010101010110000011010111001011011100010010
011000000110010110010111000111011111001100011011111000001001000110000101100 010101000001011100010001010111001111000011011101010100000001011011010001010100000011010101
001010110000101000111010010010011110010011001011100000101101010010001110011 010001010101001011010100011111011100011001001001000110010111000010010110010001010100011101
101100111000101100110100000101000110111101110011110110100010000010111001011 100011000011010111001011011110000011010100000001010111000011010110000111000010011000010100
011010100100011100100111100011001010111010100100100100100110101010011100101 010110000110010100011100011001011101001011010111011111011100000011001110100101100010010011
001011000001001001000010101101010010111101100011110011101001000110000101100 001011011011000011001001010010010110010010000011010101000001010011010001010100000011010101
001011100010000001011001001001011010010101110101000000110100010010111101110 010001010100011101011011001011011100000011010110000011010111011111001101011110000011010111
001000100100100001010111111000110010001111001101000100100100010010111000101 001001010001001001010010000001010100011101010010011101000110011111010001001001000110010111
010111001000101011010110001001011100111101100011110011101001100111010010011 010100011100001011010110010101010001010111000001010101000011010011010001011101011111011101
000111100110100011110110100101001110000101100011111011001001100101010110011 011101000110011111000011010110001011001111000011010101011001100011000110011100000011011101
010010111010011101001001010101011010010101110101000000101100010011010011001 010001010111011101011111011100000011010110001011010111011111000010010101010001011111010010
010010111010100001010110001100001010001110100101010000101100010011001101101 010001010111011111001011010101000011010100001000100010000011010101010001100110000011010110
011011010101100101000100101100000011010000101100100000101100010011001101101 010110000011010101011111010001010101000010011111001100000011010101010001100110000011010110
001101010101110001000000101101001010111010100000010110001001100111010010011 001110000011010111001001000011010110001011010111011111000011010101010001011101011111011101
001011100010100100100000101111100100010001001011100000110010010010110011001 001011010100011101011111011100000100011100001001000011010111001011011100000011010101010010
000110111101110001100100100100001010111010100010010000101100010011010011001 010100000001010111001110000011001001001011010111011110010010000010010101000011011111010010
001000100110011000110111101101000100111100010101010110000001101000010110011 001001010001011101010100000011010110000111000100000111100101100010010101001101011111011101
001010110000101000111010010010011110110100001001110111000101101000100100011 010001010101001011010100011111011100011001010110000010001111010111001011011111010001010100
101010111010011101010001010011101000000101110101000100100001101000010100100 000011010111011101000011000111011101011111000010010111011110010010001101011111010001001001
101010111010010001010001101111011101001110100100101010100011101000010100100 000011010111011100010010010100000011010111011101011111011100000011010100011111010001001001
000111001011001100001010001111100111000001111100100100100100010011010101101 010100011100010001011011011111011001011101011011000100011100010001001001010010000011010110
001011100000011011110110101101101010111001001000110000110100010010111101110 001011010100011101010100000011010110100101100010010111000011010100001101011110000011010111
010010111010011101010001010011101000000101110101000100100001101000010100100 010001010111011101000011000111011101011111000010010111001000010010001101011111000011001001
001000100110011000110111101110101000100101110101010000110100010010111101110 001001010001011101010100000011010111011111010001010111100101100010001101011110000011010111
010010111000100010011011001001001001010100001011000100110011101000100100011 010001010111001001010001100011010001010011100010000011010101010001011101011111010001010100
011010100110011000110000101100000111010101100000011010001001011110111010011 010110010001011101010100000010010101010100100101000011010101001101011110000011010111100110
101010111010000100100111100110010011010000001000100100101100010011010011001 000011010111011011011100000001001110010001011111000011000111010001010101010001011111010010
100000000101100001010111101110101000111101100011110011101001100111010010011 011011001101010101010010000011010111011111000001010101000011010011010001011101011111011101
010010111000011011110110110000000011010001001000100100101100010011010011001 010001010111010100000001010110011011000011011111010001000111010001010101010001011111010010
