000011011000101 000001100011001101
100100010110110 011100001011100011
001111010101101 001111000011010110
011110001000001 011001000111000011
100000010111010 011011001011100110
010001010100101 010000100101100010
011000100100010 010101010001000111
010010111010011 010001010111100110
100000000101100 011011000010010101
001110111100010 001111000001000111
011010000110110 010110000001100011
001000010110000 001001001011011011
011000111101011 010101000001010100
010010110001011 010001010101010100
001100100110100 001110010001011111
010011011000001 010010100011000011
100110110011001 011101010101000110
101110010100100 100100001011001001
100100100101101 011100010001010110
001001010101111 001001100010011001
001000111110110 001001000001100011
010100111110011 010011011001100110
110010000110000 100101000010011011
100100100110000 011100010001011011
100011010101001 010100100100010010
010100010100010 010011001011000111
011111000010100 000001011011011111
011110111000101 100100000011010111
010000000110010 010000000001011100
001001010101101 001001000011010110
100000111110011 011011000001011101
011111001000001 000100011100000011
100001001001001 011011011100000110
011110101000001 011001100101000011
011000111110100 010101000001011111
011111001010100 000100011100011111
100110111110010 011101000100011100
011010010101110 010110001011010111
001010110000111 001011010101001111
001110111100100 001111000001001001
010110000101101 010100000010010110
110010111101101 100101000001010110
000010110110010 000001010110001100
101110000101100 100100000100010101
000101010101110 000111000011010111
010100010101110 010011001011010111
011001010100001 010101100010000011
101001001000101 011111011100001101
011011010101101 010110000011010110
010110000101110 010100000010010111
000100100110011 000111010001011101
010010000101110 010010000011010111
000010110000001 001101010101000011
010010010000001 000110001001000011
000011001000001 000010011100000011
100110010110000 011101001011011011
101000000101011 011111000010010100
011001010101101 010101000011010110
011000111101110 010101000001010111
101010111000100 000011010111001001
100101010100001 011100100010000011
100001010101110 011011000011010111
010101010110100 010011000011011111
010010011101111 010010001111011001
010011001000001 000110011100000011
001100100110011 001110010001011101
101000000101010 011111000001100111
010111010101110 010100000011010111
011111001000111 000100011100001111
000110111100010 010100000001000111
101000000100010 011111000010000111
001011011111001 100101100010010010
011010100100011 010110010001010100
110010000101011 100101000010010100
011010100110010 010110010001011100
011110111000001 000011010111000001
110011010101100 100101000011010101
011100100100010 010111010001000111
001001010100011 001001000011010100
100110100110000 011101010001011011
010000000100100 010000000010001001
001000000100100 001001000010001001
000011011100010 000001100100000111
100111010011001 011101011111000110
100110111101101 011101000001010110
010001010101001 010000100010010001
100100100100010 011100010001000111
100111010110000 011101000011011011
101010010001111 100010001001011001
011010111101001 010110100100000001
001000100100011 001001010001010100
101000100100111 011111010001001111
001000111110011 001001000100011101
000010110001101 000001010101010110
100010111101101 010100000001010110
100110100100100 011101010001001001
001000000100011 001001000010010100
000010010001111 000011001001100010
001010110000110 001011010101001110
010100100100010 010011010001000111
010100000110000 010011000010011011
000010111101110 001101011001010111
101010110001101 000011010101010110
100111000000001 011101011011000001
100111100101101 011101010001010110
011100000110000 010111000010011011
101000100101100 011111010001010101
101001100101111 011111000110011001
011110110100001 011001010110000011
001001010100100 001001000011001001
011111001000010 000100011100000111
101000010101011 011111001011010100
000101010100100 000111000011001001
010100000101110 010011000010010111
011100000100100 010111000010001001
000110111110100 010100000001011111
100101010110100 011100000011011111
001100110001111 001110010101011001
011010010100111 010110001011001111
110010010110000 100101001011011011
100100111100111 011100000001001111
100100010100110 011100001011001110
100110101101001 011101010100010010
011010010101100 010110001011010101
011111001011001 000100011100010010
011100010110100 010111001011011111
100110100100010 011101010001000111
101100000101100 100011000010010101
011000010110011 010101001011011101
101000000101101 011111000010010110
101010110000110 000011010101001110
001100100101100 001110010001010101
010000010110000 010000001011011011
010011010001111 010010011111011001
101110010101110 100100001011010111
000110000110011 010100000010011101
010110000110100 010100000010011111
010000111110100 010000000001011111
001000100100001 001001010010000011
000100100100111 000111010001001111
010000100110011 010000010001100110
011111011000001 011001100011000011
010010011010011 010001001110011101
000010001100001 000010010100000011
100111010010101 011101011111100010
011111000010011 000001011011011101
001100000111010 001110000010100110
001000000100111 001001000010001111
010100010110100 010011001011011111
100000000110000 011011000010011011
011100010101100 010111001011010101
100100100100100 011100010001001001
101110111110000 100100000001011011
010010111000011 010001011000010100
001101010101110 001110000011010111
100000010100111 011011001011001111
000100000110010 000111000001011100
010001010101101 010000000011010110
100100000101010 011100000001100111
000100100100100 000111010001001001
011001010110101 010101100010100010
011011010101001 010110100010010001
100100100111010 011100010001100110
100000100110000 011011010001011011
100110111101110 011101000011010111
100100111110100 011100000001011111
100000000101101 011011000010010110
101010111000001 100010010111000011
110100111101110 100110000100010111
101000100101101 011111010001010110
001100000100111 001110000010001111
001110010101111 010011010010011001
001110010110100 001111001011011111
001000111101100 001001000001010101
011000010101111 010101010010011001
010000111100010 010000000001000111
011101010110010 010111100001011100
011101010001000 001011010111100000
000110000110100 010100000010011111
011100010100011 010111001011010100
100110100101101 011101010001010110
100000100100011 011011010001010100
101110000110100 100100000100011111
100101010101101 011100000011010110
010111010110011 010100000011011101
110100000100111 100110000010001111
001000000110100 001001000010011111
101011001000101 100101100010011100
101000111110000 011111000001011011
000110111110011 010100000100011101
101000010100011 011111001011010100
011010000100111 010110000010001111
000010110011001 001101010101010010
110100100110110 100110010001100011
010000111100011 010000000001010100
010101010101110 010011000011010111
101101010100101 100011100101100010
010101010100111 010011000011001111
001110010101101 010011001011010110
001010010101111 010010010010011001
001010111001111 001011010111011001
101100100101011 100011010001010100
100110000110011 011101000010011101
011000000110100 010101000001011111
010011011101111 000110100100011001
100110111101100 011101000001010101
000010110010101 000001010101100010
100101010101110 011100000011010111
001100110010101 001110010101100010
100100010110000 011100001011011011
000011001110000 000010011101011011
000100111100010 000111000001000111
101001001110101 011111011101100010
000010110110000 000010010110011011
101011000010011 000011011011011101
001001010100111 001001000011001111
001010110100001 010010010110000011
011100111100001 010111011001000011
100110100101110 011101010001010111
110010000101110 100101000010010111
011111001001111 000100011100011001
001000000101011 001001000010010100
000110000101100 010100000010010101
001000010101111 001001010010011001
000011001001110 000001011100010111
010001010100010 010000000011000111
011000100101101 010101010001010110
010011011011001 000110100011010010
100011010100101 010100100101100010
011001100101110 010101010001010111
011001010101001 010101100010010001
010000000101110 010000000001010111
010110100110010 010100010001011100
001010111010100 001011010111011111
101000100101110 011111010001010111
000010110000110 000010010101001110
011010111100110 010110000001001110
100100000101110 011100000010010111
010010010001111 010010001001011001
000100100111010 000111010001100110
000110000100011 010100000010010100
001100000100011 001110000010010100
011100100100011 010111010001010100
010001011100101 010000100100001101
000100111101110 000111000001010111
001110000100100 001111000010001001
010100000110011 010011000010011101
100000000101110 011011000010010111
100000111100100 011011000001001001
000100111101101 000111000001010110
000101010110011 000111000011011101
010110100110100 010100010001011111
100111100100100 011101010001001001
010010110000001 010010010101000011
100100010101110 011100001011010111
010100000100011 010011000010010100
000110111111010 010100000001100110
001011001001111 010001011100011001
101000111100100 011111000001001001
000111001011001 010100011100000110
000011001000010 000001011100000111
010010111011001 010001010111010010
001010110101111 010010010110011001
000101010100101 000111100100001011
110100100100001 100110010010000011
000011001001011 000001011100010100
100001010100010 011011000011000111
101000111110110 011111011001100011
010010001111001 000110011101010010
011010111101101 010110000001010110
001000100101110 001001010001010111
100111010110011 011101000011011101
010100000100010 010011000010000111
011100100101011 010111010001010100
001000100100110 001001010001001110
001110100101100 001111010001010101
100110010101100 011101001011010101
100110111110000 011101000001011011
101000111110010 011111000100011100
010110100100100 010100010001001001
010111100100100 010100010001001001
101110100110100 100100010001011111
101100111110011 100011000001011101
101000100110011 011111010001100110
000010010000001 001101001001000011
010110100100001 010100010010001100
011100111110110 010111011001100011
010000100110100 010000010001011111
010100100100111 010011010001001111
101100100100011 100011010001010100
110010100110000 100101010001011011
011100111110100 010111000001011111
001010001000001 010010000111000011
100100000110000 011100000010011011
000010001001111 000001000111011001
100000100101100 011011010001010101
000100010101110 000111001011010111
110010010101110 100101001011010111
101100100110110 100011010001100011
010111010110100 010100000011011111
011000000100100 010101000010001001
011110110000100 011001010101001001
011000000110011 010101000001011101
100000000101011 011011000010010100
011100000100010 010111000010000111
101110010110011 100100001011011101
011100111110010 010111000100011100
001101001011001 001110011100000110
100100000101011 011100000010010100
011000010110110 010101001011100011
001000000101100 001001000010010101
011100000101110 010111000010010111
101001010101011 011111100010010100
110010010101111 100101010010011001
101000000101110 011111000010010111
010100000110010 010011000001011100
101100100100001 100011000110000011
000110010101100 011101001011010101
000100010110011 000111010010100110
011100111101101 010111000001010110
011010000101100 010110000010010101
011111001110100 011001011101011111
000111010100010 010100000011000111
000100100110000 000111010001011011
011010100101101 010110010001010110
010010110001111 000110010101011001
100110010100011 011101001011010100
100110010101110 011101001011010111
010110111101110 010100000001010111
101001001001001 011111011100000110
100000010110000 011011001011011011
000100100110100 000111010001011111
100100111100001 011100011001000011
001000111101110 001001000001010111
000100110011001 000111010101000110
110100100100111 100110010001001111
011101010100010 010111000011000111
100110100110100 011101010001011111
100100111110011 011100000100011101
010000000101100 010000000010010101
011100010100100 010111001011001001
001111010101110 001111000011010111
011100000110100 010111000010011111
010100000101101 010011000010010110
010000111100111 010000000001001111
011010111110010 010110000100011100
100110100101100 011101010001010101
010001011100001 010000100100000001
010100111101110 010011000001010111
010000010101110 010000001011010111
011100100101100 010111010001010101
010110010100111 010100001011001111
000110111101101 010100000001010110
101001001011001 011111011100000110
011000100110101 010101100101100010
100100010101111 011100010010011001
101011010011010 000011011111011101
010000111101011 010000000100010100
001111010100101 001111100101100010
011000000101110 010101000010010111
000100000100010 000111000010000111
110100100101101 100110010001010110
000110111110000 010100000001011011
001011011000001 001101100011000011
011000111110000 010101000001011011
100100100100011 011100010001010100
000101010100011 000111000011010100
101110100110011 100100010001011101
010100010100100 010011001011001001
000011001001111 000001011100011001
101000000101100 011111000001010101
101100111101110 100011000100010111
010111100101111 010100100101011001
010110111110011 010100000001011101
001000100101101 001001010001010110
100000111101101 011011000100010110
100101010110011 011100000011011101
001100110011001 001110010101000110
100000111101110 011011000001010111
100000010110100 011011001011011111
000010111000001 000001010111000011
011100111101110 010111000001010111
101011001100101 100101100010011101
000110111101110 010100000001010111
100110111110100 011101000100011111
010000000110000 010000000010011011
011000000101011 010101000010010100
101100100100111 100011010001001111
011100100110000 010111010001011011
001100010100100 001110001011001001
001010111101110 010010000011010111
001001100101011 001001010001010100
000011001001101 000001011100010110
000111010110100 010100000011011111
101001010100111 011111000011001111
011010010101111 010110010010011001
000100000101110 000111000010010111
000110000110000 010100000010011011
011011010101110 010110000011010111
011010100101100 010110010001010101
110010100101101 100101010001010110
000011010000001 000001011111000011
011010010110010 010110001011011100
101000100110000 011111010001011011
101001010110100 011111000011011111
001111100101110 001111010001010111
110010010110011 100101001011011101
000011000010100 000010011011011111
010000100110000 010000010001011011
100001001000101 011011011100010010
011110111010011 000001010111100110
101010111011010 000011010111100110
100110000100011 011101000010010100
100000100101011 011011010001010100
000110111100111 010100000100001111
010111010100011 010100000011010100
011000010110000 010101001011011011
001110100101110 010011010001010111
000010011010100 000010001110011111
000110111110010 010100000100011100
001010110000001 001011010101000011
001100010110111 001110100101100010
011000000101100 010101000010010101
011001010101111 010101100100011001
001000010100011 001001001011010100
010111100110101 010100100101100010
000011001011001 001011011100010010
010110111110100 010100000001011111
000010110110011 000010010110100110
011010100100100 010110010001001001
011000010101110 010101001011010111
100011010101111 010100100100011001
010001010110100 010000000011011111
000100000101101 000111000010010110
010000000101101 010000000010010110
100110101111001 011101010100000110
010110010101110 010100001011010111
011001010101110 010101000011010111
100100000110100 011100000010011111
100001010110100 011011100001011111
100000000110100 011011000010011111
001000000101101 001001000010010110
000011001100001 000001011101000011
000010101100001 000001010100000011
000100100100010 000111010001000111
011000100110011 010101010001011101
011110111001111 011001010111011001
011000100110000 010101010001011011
010010111001011 010001011000010100
001000000110010 001001000001011100
101110100111010 100100010001100110
000100100101100 000111010001010101
001000000101110 001001000010010111
100100010100011 011100001011010100
011001010100011 010101100010010100
100111010101100 011101000011010101
011000111110010 010101000100011100
001101001101001 001110011101010010
000010011100001 000001001111000011
001010111011010 001011010111100110
001100000100010 001110000010000111
001110000100010 001111000010000111
001010001011001 010010000111010010
011000100100001 010101010010000011
100100000100100 011100000010001001
001000000110011 001001000010011101
000100000101100 000111000010010101
001100000100100 001110000010001001
000100111110000 000111000001011011
100001001010101 011011011100100010
011010100100111 010110010001001111
011000000100010 010101000010000111
011010000111010 010110000001100110
011000100101110 010101010001010111
011101010110100 010111000011011111
100001001011001 011011011100000110
011010010111010 010110001011100110
000100111101100 000111000001010101
011100100110100 010111010001011111
101000000100100 011111000010001001
000010110010011 000010010101100110
001000111100011 001001000001010100
001010111000001 001011010111000011
100110010101111 011101010010011001
000010110111001 001101010110010010
011111001000110 000100011100001110
011000010100111 010101001011001111
011110011010100 000100001110011111
101000111101110 011111000011010111
011000010100100 010101001011001001
000110010110000 011101001011011011
000111010110000 010100000011011011
000100111100001 000111011001000011
100110000110010 011101000001011100
100000010101110 011011001011010111
100111010000001 011101011111000011
000101010101101 000111000011010110
011000100110100 010101010001011111
001110000110011 001111000010011101
000110000101110 010100000010010111
010110111101011 010100000001010100
000011001000011 000001011100010100
010000010101101 010000001011010110
011000010110100 010101001011011111
001110000110100 001111000010011111
001110000110010 001111000001011100
000010110001001 000001010101010010
011010000100011 010110000010010100
010001010101110 010000000011010111
000111100100010 011101000110000111
001110111100001 001111011001000011
011000100101100 010101010001010101
001111010110011 001111000011011101
101100100110011 100011010001011101
100100111101110 011100000001010111
101000010101111 011111001101011001
011010000110100 010110000010011111
011100000100111 010111000010001111
100000110000001 011011010101000001
001100010101100 001110001011010101
010110100101110 010100010001010111
000111010101101 010100000011010110
010000000110011 010000000010100110
101000000110000 011111000010011011
000011011000001 001101100011000011
100100010110011 011100001101100110
000100000100111 000111000010001111
011010111100100 010110000100001001
100100100101111 011100010010011001
010010110110000 010001010110011011
010111010101011 010100000011010100
000010001110100 000010010100011111
011011010100111 010110000011001111
011110010000001 011001001001000011
000011001001001 000001011100010010
010110100101101 010100010001010110
000010101101001 000001010100010010
100001010100111 011011000011001111
001110000101110 001111000010010111
010000100100100 010000010001001001
101011001001001 100101001100010010
001010111110011 010010000001011101
101000111110100 011111000001011111
110100000101011 100110000010010100
100111010100010 011101000011000111
000100010110110 000111001011100011
010010001000001 010010000111000011
100011010100001 010100100100000001
100110000100100 011101000010001001
100000111100111 011011000001001111
011111001001001 000100011100010010
010001010100111 010000000011001111
100111010101001 011101100010010010
101110100101110 100100010001010111
000100010101101 000111001011010110
110000000101110 011110000001010111
100000000100100 011011000010001001
011001010101011 010101000011010100
000111001001111 010100011100011001
011010111110011 010110000100011101
100111001001001 011110011100010010
011010100101110 010110010001010111
100000111110100 011011000001011111
011000111100010 010101000001000111
010100100100110 010011010001001110
000010011101111 000011001111011001
000100010101100 000111001011010101
011010000101011 010110000010010100
011100010101111 010111010010011001
101011101001001 100010100110010010
110100010101100 100110001011010101
010001010100001 010000100010000011
100110000101110 011101000010010111
000100010100011 000111001011010100
100100010110100 011100001011011111
100000100100111 011011010001001111
000010100111000 001011010100011101
001111100101101 010011010001010110
110100010110110 100110001011100011
000011001010000 000001011100011011
101010111001111 000011010111011001
110100010100100 100110001011001001
000111010110011 010100000011011101
010100010101101 010011001011010110
010000000110100 010000000010011111
001110000110000 001111000010011011
110101010100111 100110000011001111
011010010110111 010110100101100010
101000010110100 011111001011011111
000010110101001 000001010110010010
100000100100001 011011010010000011
001111100110010 010011000110011100
000010111001111 000010010111011001
001100000101110 001110000010010111
001110010100100 001111001011001001
101001010100010 011111000011000111
101100100101101 100011010001010110
011100100110010 010111010001011100
100110100110101 011101010010100010
001101010100001 001110100010000011
101000000100011 011111000010010100
010010111110011 010010011001011101
100111010100011 011101000011010100
101110000100100 100100000001001001
000100000100100 000111000010001001
000100000110100 000111000010011111
000100111110011 000111000001011101
001000100100100 001001010001001001
100100000110011 011100000010011101
110010111101110 100101000001010111
010011001100001 010010011101000011
000101001000001 000111011100000001
101110111101011 100100000001010100
100101100110011 011100010001011101
100100000100110 011100000010001110
011000100110110 010101010001100011
110011010101011 100101000011010100
011110101100001 011001010100000011
000100010110100 000111001011011111
001001010100010 001001000011000111
001000111100010 001001000001000111
001110000101100 001111000010010101
011111001001110 000100011100010111
000100000101011 000111000010010100
001011001000001 001011011100000011
101110100100111 100100010001001111
000101001001111 000111011100011001
011010010100100 010110001011001001
001010110001011 001011010101010100
101000100100011 011111010001010100
000100010100111 000111001011001111
100110111100100 011101000001001001
000011001110100 000010011101011111
001010010001111 010010001001011001
000111010100101 010100100101100010
001000010100010 001001001011000111
000010001010101 000010000111100010
101000111100001 011111011001000011
100111010101011 011101000011010100
100100010101101 011100001011010110
101000100110100 011111010001011111
100100111101101 011100000001010110
011010000110010 010110000001011100
001001001010101 001001011100100010
000110000100010 010100000010000111
100100111100100 011100000001001001
101110000101110 100100000001010111
000100000111010 000111000010100110
000110000110001 010100000010010100
100101010100111 011100000011001111
000010010011001 001101001001010010
110011010110000 100101000011011011
010100111100010 010011000001000111
110010100101110 100101010001010111
011010000110011 010110000001100110
011010010110100 010110001011011111
101110111101110 100100000011010111
011000010101101 010101001011010110
000100010100100 000111001011001001
100000000111010 011011000001100110
001100100100111 001110010001001111
010101010100001 010011100010000011
011010000100100 010110000010001001
000110111100100 010100000001001001
010100100101110 010011010001010111
001010010000001 010010001001000011
010100100100001 010011010010000011
100101010100010 011100000011000111
000100111100111 000111000001001111
100100000101001 011100000001010010
001010110001001 010010010101000110
101000111101100 011111000100010101
101111100101011 100100010001010100
010000111101101 010000000001010110
001010001101111 010010010100011001
100111010101101 011101000011010110
000101010100111 000111000011001111
100001001001111 011011011100011001
001110100100010 001111010001000111
001110000111010 001111000001100110
110011010101110 100101000011010111
100100100100111 011100010001001111
001111001001111 001111011100011001
110100100101100 100110010001010101
001111100110000 010011010001011011
011010111101011 010110000001010100
010111100101101 010100010001010110
011110110010100 011001010101011111
011100010100111 010111001011001111
011101010101110 010111000011010111
101110000110010 100100000100011100
101100100101110 100011010001010111
100110000100111 011101000010001111
010100111100111 010011000001001111
001100000110100 001110000010011111
011010100100001 010110010010000011
100100000111010 011100000010100110
101001001101111 011111011101011001
000110100100100 011101010001001001
011000000100011 010101000010010100
101000010101110 011111001011010111
101110111110010 100100000100011100
110011010101101 100101000011010110
100100100100001 011100010010000011
101000000110100 011111000010011111
001100010101110 001110001011010111
010011010000001 000110011111000011
101000100100001 011111010010000011
001110000100111 001111000010001111
011110001110100 000100010100011111
001100111110010 001110000100011100
100110100110011 011101010001011101
100000100101110 011011010001010111
100000000110011 011011000001100110
010011011001111 000110100011011001
000010110101111 000001010110011001
001010101101111 001011010100011001
100100000100111 011100000010001111
100111100110000 011101000110011011
110101010101011 100110000011010100
101110100101011 100100010001010100
100111010101110 011101000011010111
001000100110011 001001010001011101
101110010110100 100100001011011111
100110010110100 011101001011011111
010010110000111 010001010101001111
010010111000001 010010010111000011
011100000101101 010111000010010110
100110111100010 011101000001000111
011000000110010 010101000001011100
000111100110010 011101010001011100
100000000100011 011011000010010100
011010000110000 010110000010011011
001100100101110 001110010001010111
011000100111010 010101010001100110
010000100101101 010000010001010110
000011100000101 000010010100011101
000110000110010 010100000001011100
010110100110011 010100010001011101
100000010110111 011011100101100010
000111010101100 010100000011010101
010011010010011 010001011111011101
000111100100100 011101010001001001
000100100100011 000111010001010100
010110010101101 010100001011010110
000011010011010 000010011111011101
010110000101100 010100000010010101
101110000100111 100100000010001111
100110000101101 011101000010010110
001010101100001 001011010100000011
100110000110100 011101000010011111
001001010101011 001001000011010100
001000010110110 001001001011100011
000010001010100 000010000111011111
001000111101101 001001000001010110
011000111110011 010101011001011101
010110111101100 010100011001010101
100000111101100 011011000100010101
100000100110100 011011010001011111
001010110011001 010010010101000110
010110010101111 010100010010011001
010000000100111 010000000010001111
000010100001111 000001010000011001
001110110001111 001111010101011001
000101010110100 000111000011011111
100000111110000 011011000001011011
011111001000100 000100011100001001
001110010101110 010011001011010111
000011001101011 000010011101010100
011010000101101 010110000001010110
001010110001101 001011010101010110
101000010100100 011111001011001001
100110100100111 011101010001001111
000101010100010 000111000011000111
010100111110100 010011000001011111
000100100101110 000111010001010111
100111000011001 011101011011000110
100100000101101 011100000010010110
000110000101101 010100000010010110
001001001011001 001001011100000110
100000000101001 011011000001010010
011010000101110 010110000010010111
011010111110000 010110000001011011
010000111100110 010000000001001110
000010010011010 000010001001100110
100111100101110 011101010001010111
000010111010100 000010010111011111
101000010101100 011111001011010101
010011001110101 010001011101100010
000100111101011 000111000001010100
000010110010100 000001010101011111
100000000110010 011011000001011100
100110000101100 011101000010010101
100101010100100 011100000011001001
010110010110111 010100100101100010
100110111101011 011101000001010100
011100010111010 010111001011100110
010001010100100 010000000011001001
010010110101111 000110010110011001
010111010101111 010100100010011001
110100000101110 100110000010010111
011010111100010 010110000001000111
011000000110000 010101000010011011
110010010110100 100101001011011111
110100000110000 100110000010011011
010100100101100 010011010001010101
001110000100110 001111000010001110
001010010001001 010010001001010010
011001010100111 010101000011001111
010000111101110 010000000001010111
001010111000100 001011010111001001
001100111110000 001110000100011011
001001010101110 001001000011010111
011100000110110 010111000010100011
101110010100010 100100001011000111
100001010110011 011011000011011101
101001001100101 011111011101010010
010010111101110 000110000011010111
001110111110100 001111000001011111
001100111100111 001110000001001111
000011001000100 000001011100001001
001110111110110 001111000011100011
101000000110010 011111000001011100
011000100100100 010101010001001001
101100000110100 100011000010011111
110100111100101 100110011001010010
101110100101100 100100010001010101
011001010111010 010101000011100110
011010000100010 010110000010000111
010000000110001 010000000010010100
011010111101110 010110011001010111
001101001001111 001110011100011001
001010011101111 010010001111011001
110100010101110 100110001011010111
011010000101010 010110000010010011
101000000100111 011111000010001111
011110101001001 011001010011010010
011100111100100 010111000001001001
100100111100011 011100000001010100
101100010110100 100011001011011111
000011011001001 000001100011010010
101100000111010 100011000010100110
001100111100010 001110000100000111
100100111101100 011100011001010101
001000100100111 001001010001001111
000010100000001 000001010000000001
000110000100100 010100000010001001
100100111111010 011100000001100110
100000110011001 011011010101000110
011011010100100 010110000011001001
101110000110011 100100000001100110
001000111110100 001001000001011111
000010010010011 000010001001100110
001010110010011 001011010101100110
011010100100010 010110010001000111
100110100100011 011101010001010100
010100100101101 010011010001010110
010111100101100 010100000110010101
011010100110011 010110010001011101
011000000101101 010101000010010110
001110010101100 010011001011010101
110010000101101 100101000010010110
011110101101001 011001010100010010
011100010110011 010111001011011101
011010111101100 010110000100010101
010110100110000 010100010001011011
000010111011001 001011010111010010
110100100110000 100110010001011011
100000100101111 011011000110011001
100110000101011 011101000010010100
110001010110011 100110000011011101
001000000100010 001001000010000111
000100100101111 000111000110011001
011000111100111 010101000100001111
100010100101110 010100010001010111
010000111110000 010000000001011011
001000010101100 001001001011010101
001100000110010 001110000001011100
101100000101110 100011000010010111
100100111100010 011100000001000111
011000010101011 010101001011010100
001111010110100 001111000011011111
001111010101100 001111000011010101
001000010101110 001001001011010111
100101010100110 011100000011001110
001100010111010 001110001011100110
100000111110010 011011000100011100
100100010100111 011100001011001111
000010111000100 000011010111001001
100100010100100 011100001011001001
001000100110000 001001010001011011
101000111101101 011111000001010110
011000000100111 010101000010001111
100110000110000 011101000010011011
011111010000001 011001011111000011
001000111100111 001001000100001111
001110100100111 001111010001001111
000011001010100 000001011100011111
100001010110000 011011000011011011
010000010110111 010000100101100010
100100000100010 011100000010000111
011110110000001 011001010101000011
