01001011100001101111011011000010010001010100000101011101001101001000100110000101 010001011000010100000001010110011011011100000011010000001011010111011101010001000111000011010101
00100010011001100011011110110100010011110001010101011000000110100010010111000111 001001010001011101010100000011010110000111000100000111100101100010010101001101011111010001011000
01001011010110110101011100111110000001011001001111110000100100100000011001100101 010001010110100101100010010111011001011011001011011100000100010100011101010001001001001101100110
10100100100000101110100110001101111011101010001001011100010101110101000000101100 011111011100000010010111100110010100000001010111011111010001010111001011010111011111000011010101
01101101010110010100010010001110101011001010010101100100000101100010011001101101 010110000011010101011111010010010100000011010101001000001100000011010101010001100110000011010110
01100000011001011001011100011101111100110001101111100000100100011000010110011001 010101000001011100010001010111001111000011011101010100000001011011010001010100000011010101010010
00101011101011001001100100111101110011010010101110101000000101100010011001110100 010001010111100011000110011100000011010111010110001011010111011111000011010101010001011101011111
10101011101000010010001010010001001000111010000001000100100101100010011010011001 000011010111011011011100000011001001010001010100011111000011000111010001010101010001011111010010
01001011100001101111011011000010010001010100000101011101001101001000100110011001 010001011000010100000001010110011011011100000011010000001011010111011101010001000111010101010010
01001011101001110100100101010101101001010111010100000010110001001100111010010011 010001010111011101011111011100000011010110001011010111011111000011010101010001011101011111011101
01101010010001110010011110010101100001010001110100100100111101110010010001110011 010110000110010100011100011001010001010101001011010100011111011100000001010111010001010100011101
00111000011001110100100100111101001011101010000101100111010001001011100000101100 001111000010011101011111011100011001010001010111011111001011011101011111000011010111000011010101
00101011100010001111000111001001001011100111101100011110011101001100111010010011 001011010111001001011001010100011100000011010111000001010101000011010011000011011101011111011101
00100001011000000001100101010001101001010111010100000010110001001110100010110011 001001010001011011000001011100011111010110001011010111011111000011010101000110100110010001100110
00101110001010010010000011010000101100101001001001101000111110010010010000101100 001011010100011101011111011100000011011111001011011100010001011111000100011100010010000011010101
