0010001001100110001110010010010110101001011100000110100011111001011001 001001010001011101010100011100010001010110000011010111000011011111000100011100010010
1001100101000111010110010010011010001001110100000110100010010111101110 011101010001010100100101100001011100000011011111000011100110001101011110000011010111
0010101100001010001110100100100111101101000010011101110001011010010011 010001010101001011010100011111011100011001010110000010001111010111000011011111011101
1000000001011100001101111011101010001001011100010101110101000000101100 011011000010010111010100000001010111011111000011010111001011010111011111000011010101
1001000101001000100110011101001001001001000101010110100010011011000101 011100010010001001010001011101011111011100010001000111100101100010011111010001100011
1001101001011100011101100001010100000001011100010000101001000110011001 011101010001011000001111000011010101010000000010010111001001010001001001010101010010
0111100010100111010010010101010001110100010010111101110010011001101101 000011000111011101011111011100000011010100011110000011010111010001100110000011010110
0010000101101000111111000010010011001001000110000110100010010111101110 001001010001011111000001010100011101010001001110010001010100001101011110000011010111
0010111000100000010110010010010110100101011101010000001011000110011001 010001010100011101011011001011011100000011010110001011010111011111000011010101010010
0100101110000111001000101011010010101110101000000101100010011001101101 010001010111010100011100000011010110001011010111011111000011010101010001100110010110
0110101001000111001001111001010001101111011100111101101010010001110011 010110000110010100011100011001001011010100000011010111000001010110010001010100011101
0101110010001010110101100010010111001111011000111100111010011001110100 010100011100001011010110010101010001010111000001010101000011010011010001011101011111
0010000101000110111101110101000000101101010010111000001101000010100100 001001010010010100000011010111011111000010010110000011010111001101011111010001001001
1001000101101100111101100101010001101001011110111000001100100100101111 011100001011100011011001010101100010011101010010000011010111001011011100010010011001
0011010101011100010000001011010010101110101000000101100010011001110100 001110000011010111001001000011010110001011010111011111000011010101010001011101011111
0111001111011010010101110000110110000001101000111110010010010000101100 010111011001010110010001010111010100010101000011011111000100011100010010000011010101
0110101001000111001001111000100100101111011000111100111010011001110100 010110000110010100011100011001000111010010000001010101000011010011010001011101011111
0001101111011100011110010000011010010101011000000110100011111001011001 010100000011010111001111011100000010001000000011010101000011011111000100011100010010
0100101110001001010110011101001001001001000010110001001100111010010011 010001010111001001000011011101011111011100010010000011010101010001011101011111011101
0010001001100110011110010101010111010100011000010101101001010111010100 001001010001011101001111011100000011010111011111000011010101010110000011010111011111
0010000101010001010101101000010111001001110100000110100010010111101110 001001010010010000100101100010010110000011010111000011100110001101011110000011010111
0110101001100111001000101100001001000101100110010101110101000010100100 010110010001011101011100001011011011011100010001100110001011010111011111010001001001
0110100001000111001001111001010001101111011100111101101010010001110011 010110000010010100011100011001001011010100000011010111000001010110010001010100011101
1000000001011000010101111011101010001111011000111100111010011001110100 011011001101010101010010000011010111011111000001010101000011010011010001011101011111
0111001111011100001101111011100011001111100100110101001100111010010011 010111000001010111010100000011010111001110000100011100010110000011011101011111011101
1010000101011000010110110000010111000111001010110001001100111010010011 011111001011010101000011100011000010010111010011000011010101000011011101011111011101
0001101111011101001100101100101011000001101000100110110010011001101101 010100000011010111011101001100100011000011011111010001100011010001100110000011010110
1000000001100101010000101000110100110000000011101001001011110111001001 011011000001011100011111001011011101010001011011000010100110010010011001010111010010
1001101111101100100100101101000111101100011110011101001100111010010011 011101011001100011010010000011011111000001010101000011010011010001011101011111011101
0010001001100110001101111011101010001001011101010100001011100001100101 001001010001011101010100000011010111011111010001010111100101100010000011010111011101
0100101110001000010110011101001001010101000111010001001000100110000101 010001010111001001000011011101011111011100000011010100011111010001000111000011010101
0010111000100001001001111100001001001001000011010001001011110111010011 001011010100011101011011011100011001011011011100010010001101011110000011010111100110
0101010101110001010000001100000111110011010011010001001011110111010011 010011000011010100011101011111000011011011000011100110010001011110000011010111100110
1011001111011000001100001011100111101100011110011101001100111010010011 100011000100010101010100000011010111000100010101000011010011010001011101011111011101
0010001001100110010110001101010100101100010010001010010010011010101101 001001010001011101010010010100100100000011010101010001000111011100010010000011010110
1001000101001000100110011101001001001001000101010110100010010111101110 011100010010001001010001011101011111011100000011000111100101100010011110000011010111
0010110000010010010000101011010100101111011000111100111010011001110100 001011011011000011001001010010010110010010000001010101000011010011010001011101011111
0100101110001000100110110010010010010101000010110001001100111010010011 010001010111001001000011100011010001010011100010000011010101010001011101011111011101
0011100001100111010010010011111011000001100110001110101011000000110010 001111000010011101011111011100011001100011000010011101010100100101000011010101001100
0001101111000011001010100010010001110101011000000110100010010111000111 010100011001000001011100011111010001010100100101100010010101001101011111010001011000
0010101100001010001110100100100111100011101011010001001011110111010011 000011010101001011010100011111011100000011010100100101100010011110000011010111100110
1001000101100111000001111011101001101001000100100101100010011010011001 011100010010011101011011000001010111011101000011000111010001010101000011011111010010
1000010010001010010001001000111010000001000100100101100010011010011001 011011011100010001001001010001010100011111000011000111010001010101010001011111010010
0001101111011101001110100000010111010100010010111001111100000110000101 010100000001010111011101011111000010010111011111000011010111011001011011000011010101
0001101111011101001110000010011001000001101000111110010010010000101100 010100000011010111011101011011010001011100000011011111000100011100010010000011010101
1000010010011110001110010000011001110100010010111000001101000010100100 011011011100000011010100011100000010011101011111000011010111001101011111000011001001
1010101110000110111101110101001001000001001000100100011101000010100100 000011010111010100000100010111011111011100000011001001010001010100011111010001001001
0110101001000111001001111000110111101101100001010110100001011001010011 010110000110010100011100011001010100000011010110011011100101100010011111001100100110
0001100001100100010001001011111011000001100110001110101011000000110010 010100000001011100001001010010011001100011000010011101010100100101000011010101001100
1000010010011110011101110011111001110100010010001100001101000010100100 011011011100000001001111010111000001011101011111000011010100001101011111010001001001
1001100101011101001100001101000100101111011100000101100010011001101101 011101001011010111011101001101011110000011010111000011010101010001100110000011010110
1010101110000110111101110101000000101101010010111000001101000010100100 000011010111010100000011010111011111000010010110000011010111001101011111000011001001
0000100111101010000110011000110000101100010010010101110101000010110011 000001001111100100000011011101010100000010010101100101001011010111011111001011011101
0100101110100110100100111011100100100110010010001100001011100001100101 010001010111011101010001001111010111100101010001001110010001010100000011010111011101
1010000101100101001001001101000111110010010010000101100010011001101101 011111001011011100000011011111000100011100010010000011010101010001100110000011010110
0010111000101000100101110001111010101001100110100001101001010111010100 010001010100011101011111010001011000001111100100010001011110010110000011010111011111
0110100101101000010101111100100111101100011110011101001000110000101100 010110010010011111010010000100011100000011010101000001010011010001010100000011010101
0000100011000111010101101101010110000001101000100110110001010110011001 000011010100100101100010010110100101000011010101001101011111010001100011010101010010
0010001001100110001101111011010001001111000101010101100000011010000101 001001010001011101010100000011010110000111000100000111100101100010010101001101011111
0001101111011011000010010001010100000101011101001101001000100110000101 010100000001010110011011011100010010010000001011010111011101000011000111000011010101
1001100101100001010010101000010011100101011100000110010010010000101110 011101001011011011001000100010000011010011000011010111001011011100010010000011010111
1010101110100100010100011011110011101110010011101000001000100110000101 000011010111011100001011010100000011001111010111000110100110000011000111000011010101
1000010010011111000000001001110000101110001000100110011101000100100011 011011011100000001011011000011001111000011010111001001010001011101011111010001010100
0100101110000110111101110101100010101110010010010101110000110010110011 010001010111010100000011010111100011010010010111100101000011010111011101010001100110
0001110010010010110101001011100000101100010011001110100010010001110011 010100011100010001010110000011010111000011010101010001011101011111010001010100011101
1000010010011111001110100000010011101100000010111000100010010111010011 011011011100011001011101011111000010001111010101000010010111001001010001010111100110
0001101111000011001010100010010001110101011000000110100010010111101110 010100011001000001011100011111010001010100100101100010010101001101011110000011010111
0010111000000111001010101000110100100001101000100101110001110110011001 001011010100011101010100011100100010011101010010001101011111010001011000010101010010
1001100101011101010001001011010010101110101000000101100010011010011001 011101001011010111011111000011010110001011010111011111000010010101010001011111010010
1001000101101000100101110011110001001100000011001110100011110110100001 011100001011011111010001010111011001000111010101000010011101011111011001010110000011
1001000101100111000000101000111010000001000100100101100010011010011001 011100010010011101011011001011010100011111000011000111010001010101010001011111010010
1010101110000110111101110100110111101100010010010000001101000010100100 000011010111010100000011010111011101000001010101000011001001001101011111010001001001
1001000101001000100110011101001001001001000101010110100010010111000111 011100010010001001010001011101011111011100010001000111100101100010011111010001011000
1001110100100100000101110001111010101100000011010001001011110111010011 011101011111011100000010011000001111100101000011010101001101011110000011010111100110
0010101100001010001110100100100111100010010010111101100011110011111001 010001010101001011010100011111011100011001000111000110000001010101000011010011010010
0001101111011101001110100000010111010100010010111001001001000010110011 010100000001010111011101011111000011010111011111000011010111010010001001000011011101
0010101100001010001110100100100111100100110010111000001011010100100011 010001010101001011010100011111011100011001001001000110010111000010010110010001010100
0110110101011100100100011010011000000001011000100110100010010010110011 010110100101100010010111010001011101000011011011000010010101010001011111010010100110
0010001001100110001101111011101010000101011101010000101001000110011001 001001010001011101010100000011010111011111001011010111011111010001001001010101010010
1000001111011001100101000001010110101111001110110001111000100100101110 011011000001010101010010010000000011010110000001001111010101000011000111010001010111
0001110010010010110101001011100111101100011110011101001100111010010011 010100011100010001010110010001010111000001010101000011010011010001011101011111011101
0001101100010010110100001101000111101100011110011101001100111010010011 010100010101010001010110000011011111000001010101000011010011010001011101011111011101
0110101001100110001100001011000001110101011000000110100010010111101110 010110010001011101010100000010010101010100100101000011010101001101011110000011010111
0011000101100101001001111011010000100111011100010110100010011001101101 001110001011011100011001010110000010001111010111000011011111010001100110000011010110
