0011110010000010111010101011000000110100010010111101110 001111011100000010010111100101000011010101001101011110000011010111
1001000001101100010101110100110001110010011110011010100 011100001101100011000011010111100110010100011100000100001110011111
0001000001001110010000001100110000110010010010000101110 000111000010001111001001000011011101001011011100010010000011010111
0010110110000010110010101000011010001001011110111010011 010001100011000010010101100101100010001101011110000011010111100110
0001101111011101001101001100111010000101011100001111001 010100000011010111011101010001011101011111000011010111011101010010
1010010010010010001010101101000000110010010010010110011 011111011100010001000111100101000011011111001011011100010010100110
0010001001000010110000101000111010001001000110000101100 001001000110000011010101001011010100011111010001010100000011010101
0000110000011110001100001011001100110000101000100100011 000011011011000001010100000011010101010001011011011111010001010100
0010111000000011001110000001011001000001101000010100100 010001001111100110000010011101011011001100001101011111010001001001
1000010010011110110101001011100010101110101000110011001 011011011100000001010110000011010111000011010111011111010101010010
0000101110101000010100011001010010000101011101010010011 000010010111011111010001011101010010001001000011010111011111011101
1010010010000010111010011100000111110010101000010100100 011111011100000010010111011101011011000100011100011111000011001001
0100101110000110111101101100000010110100001010111010100 010001010111010100000001010110011011000011011111000011010111011111
0001100001101000100001111011000100100011010011001101101 010100000011100000000100010101000011011101010001100110000011010110
0111000101011111000001100000011010001111011100100100011 010111010010011001011011010101000011011111000001010111010001010100
0010001001000010011101110011111001110100010010001110011 001001000110000011001111010111000001011101011111010001010100011101
0000110010000110100100100010010000100011011110111001111 000001011100001000010010001001010010000001010100011001010111011001
0100001111011010010101111100111010000001100110100110011 010000011001010110010010011001011101011111001101011101000011011101
1001000101011001010100011101000000101110101000110011001 011100010001010101000011010100011111000011010111011111010101010010
0011100001100110100101111100100111110111100110101101001 001111000011011101010010000100011100000100001110011101010100010010
0001110010011110001101111001000100101100010010000101110 010100011100000001010100000011001001010001010101100101000011010111
0100001111100111000001001101000000101100010011010011001 010000000001011101011011000011011111000010010101000011011111010010
0010000101001001010100011101000100100010011000010110011 001001010001001001000011010100011111000011000111000011010101100110
1000000001011000010110011101000100101110010010000101110 011011000010010101010001011101011111010001010111010010000011010111
0100101110000110111101110100111010000001011100001111001 010001010111010100000001010111011101011111000011010111011101010010
1000000101001000010110011101001001001001000010111010011 011011000011001001001011011101011111011100010010000011010111100110
0010111000101000100101110000111010001001011110111010011 010001010100011101011111010001011000010100011110000011010111100110
1010101110010010111001000000010001001001101000010100100 000011010111010001010111010000000010000111000011011111010001001001
0110101111011101010000101011010000110010000010111001111 010110000001010111011111001011010110000001011100000001010111011001
0100101110011110001110101011000000110100010010111101110 010001010111000001010100100101000011010101001101011110000011010111
0001101111011101001110100010011010010101001010111010100 010100000011010111011101011111010001001000100010000011010111011111
0000101110101000100100010010010111110100010010001110011 000010010111011111010010000111010010000001011111010001010100011101
0010011001011100000101100001010001110100100100111101110 001001000110010111000011010101001011010100011111011100000011010111
0100100100001010111101100011110011101001000110000101100 000110001001010010000011010101000001010011010001010100000011010101
0001100001100100001101001011100111100111001010111010011 010100000001011100011101010001010111000011010011000011010111100110
0100101110000111001000101011010010101110101000000101100 010001010111010100011100000011010110001011010111011111000011010101
0001101111011100010001111011010100101110010011010101101 010100000001010111001001000011010110010001010111010010000011010110
0001101111011101001110000010010001110101011111010110011 010100000011010111011101011011010001010100100101100010000011011101
1000010010010010111110010010011010001001110100010110011 011011011100000110000100011100000011011111000110100110010001100110
0001110010010011010001001000110000101100010011010011001 010100011100010001011111000011010100000010010101000011011111010010
0001111001000110110001111010000010111000000010111000101 011101000110010100010101000011010000001011010100011101001101010111
0100001001100111010010010010010111101110010010001110011 010000010001011101011111011100010010000001010111010001010100011101
0100000101011000010000101011100001010010000010111000100 010000001011010101001001010001010111000111011100000011010111001001
0100101110001001010101100001110010101110000110010110011 010001010111001001000011010101010011000011010111011101000011100110
1000010010011111001100101000111010110100010010111101110 011011011100000001011101000011010100100101100010011110000011010111
1001000101001100111110010011011010101100000011010000101 011100010010001110000100011100010110100101000011010101001101011111
0111001111011100010000101100110001110010010011000010100 010111000001010111001001010001011101010100011100010001011011011111
0100101110001000100110110010011001101001000100110000101 010001010111001001010001100011010001011101010001000111000011010101
0001101111000010011110101011000000110100010010111000111 010100011001000010001111100101000011010101001101011111010001011000
1010010010000010111010011100000110000001011101010010011 011111011100000010010111011101011011010101000010010111011111011101
0010111000100000010110010010010010101110000110010100100 010001010100011101011011010001011100010010000011010111011101011111
1001100101000111001000101101000000110010010010000110100 011101001011010100011100010001011111001011011100010010000011011111
0000101110001110100101111101000010101110100110100101110 000010010111010011010010011001011111001011010111011101010001010111
0000100011000110010110000101000000101110000110010110011 000010010100011101001011011011011111000011010111011101010001100110
0010111000001100111101100010010000110100010010111101110 001011010100011101001110011001010101010010001101011110000011010111
0110101111011100111110000011110110001001110100010110011 010110000011010111000001011011000011010101000110100110010001100110
0001111001011000100101110001001001001001000110000101100 011101000011010101010001010111001001011100010001010100000011010101
0110101001100111001000101100000111110010101000010100100 010110010001011101011100010001011011000100011100011111010001001001
0001101111100100111000101011000100110101100110111101110 010100000100011100010111010001010101010010100010011101000011010111
0010000101000110110000001100100000110100011111001011001 001001010001010100010101001011011100000011011111000100011100010010
1010101110001011100010000011000111101001101000010100100 000011010111010001010100011101011011010101011010011111010001001001
1010010010000010111010011000010011010010010010001100001 011111011100000010010111100110000010001110011100010001010100000011
0011110101011000001010010000010111000100100110010101110 001111000011010101000111011100000011010111001001011101000011010111
0000101101000010110000111000010110100001101000010100100 000011010110000010010101001111000011010110001101011111010001001001
0010000101011100111101101010010111000001101000010100100 001001010001010111000001010110000011010111001101011111010001001001
0001010010000010010011001000110000110010001000100100001 000111011100000010001001000011010100000001011100001001010010000011
0010000101011010111100010010010110001001110100010110011 001001010001010110011001000111000011010101000110100110010001100110
0010101010000010001110101011000000110100010010111101110 010010010011000010010100100101100010010101001101011110000011010111
0101010101100111010001001001100100100001000100110000101 010011000011011101011111000011001110000110000011000111000011010101
1010000101101001001000001010000010100100100100111101110 011111001011011111011100000011010000010010001001011100000011010111
0010101100001010001110100100100111101110010010001110011 010001010101001011010100011111011100000001010111010001010100011101
0100101110101000111111000010010001100001101000010110011 010001010111011111000001010100011101000011010100001101011111011101
0011100101011010011001001000101001001111110100100101100 001111001011010110001110010001000111011100011001100110000011010101
0010111000100000110001111100110100110110001010110011001 001011010100011101011011010101011001011101010001100011010101010010
0010111000101001001000101011010100110100010010010110011 001011010100011101011111011100001011010110000011011111010010100110
0010111000101001001000001001000100110100010010111101110 001011010100011101011111011100000011001001010001011110000011010111
0111000101001110110001001001110010101110101000110011001 010111001011001111010101010001010011000011010111011111010101010010
1000000101100101000000101101001010100001101000010100100 011011001100011011001011001000000011100100001101011111010001001001
1001100101000111001000101101000000110010010010000101100 011101001011010100011100000011011111001011011100010010000011010101
1000010010101010010000101011101010010010101011001110100 011011011100100010001001000011010111011111011100000011011101011111
1001110100010010110110101011000000110100011111001010011 011101011111010001010110100101000011010101001101011111001100100110
1001000101101000000101100010010000110100011111001011001 011100010010011111000010010101100101000011011111000100011100010010
0010001001100111010010010010010001110100010010111000111 001001010001011101011111011100010001010100011111010001010111001111
1001100101011101001101001101000100110110010011010011001 011101001011010111011101010001011111010001100011010001011111010010
1001110000001010001110101011000000110100010011011000101 011101011011001011010100100101000011010101000011011111010001100011
0010001001100110111100010001010010001001001010111010100 001001010001011101000011000111010010001001010010000011010111011111
0110101111011101010000101011100010100111100100000101110 010110000001010111011111000011010111001101001111011100000011010111
1001110101000101011001111011000001100001011100100100011 011101000011000111100011000001010101010100000010010111010001010100
1001110000011110111010100000010111000101010011010011001 011101011011000001010111011111000011010111010010000011011111010010
1010000101001111010100011010010011100001011001000000001 011111001011001111100010011101010010001111000010010101011011000011
0100001111011110110001001001110000101110010011001101101 010000100010010101010001001111000011010111010001100110000011010110
0011010010000010111000011010011001100011000010111010011 001110011100000010010111011101010001011101010100000011010111100110
0010000101100110110101111100000110000001100110100100001 001001001011100110010110011001011011010101001101100111010010000011
1001000101011000100100111010010111110011010011010011001 011100010001010101010001010011010010000001011101000011011111010010
1000010010011111010000001001110111101110010011001110100 011011011100011001011111000010001111000011010111000011011101011111
0010001111000111010101101001010111010100000011001011001 001001000001010100100101000011010110001011010111011111001100010010
0001101111011101001101111011100000101110101000000101100 010100000001010111011101000011010111000001010111011111000011010101
0010110101100100111100100001011000001111100110100110100 100101100010011100011001001001000011011011000001100110000011011111
1001110100000010110001001011100100110011101000100100011 011101011111000001010101010001010111010001011101011111010001010100
1001000101100111000001111011101001101001000100110000101 011100010010011101011011000001010111011101000011000111000011010101
0001101111011101001100101000111001000001101000010100100 010100000001010111011101000011010100011100001101011111000011001001
0001101111100101000001111100100000110100010011001101101 010100000100011100011011001100000011011111010001100110000011010110
1010101110010010111010011101011001000001000100110000101 000011010111010001010111011110100001011100000011000111000011010101
0100000101011000100101111011100010110100010010001110011 010000010010010101010010011001010111001011011111010001010100011101
0001100001011000001110101011000000110100011111001010011 010100000010010101010100100101000011010101001101011111001100100110
0110101111110100000101101000100100100011000010111010011 010110011001100110000010010110000111010010010100000011010111100110
1000000001101110110001001010110111110111100110101101001 011011000001100011010101010001010100000100001110011101010100010010
1000000001100101010001001000110100110000000010111010100 011011000001011100011111010001011101000011011011000011010111011111
0100101110011100111100011101010110000001101000010100100 010001010111000100010100100101000011010101001101011111000011001001
0010011001011100000101100001010001110100100100100100011 001001000110010111000011010101001011010100011111011100010001010100
0010000101101000010110010011010100101110010011001101101 001001010001011111001100010110000011010111010001100110000011010110
1000110101000010010010010101011000001100010010111000111 010100100100000001001001011100100010011011000011010101010001011000
0010000101101001001001001011010010101110101000000101100 001001001011011111011100000011010110001011010111011111000011010101
0010111000001010110110000011000100100110010010010100100 010001001111100110001011010110011011010101000011001110000110001001
0000101110101000100100011010011000000001101000010100100 000010010111011111010001011101000011011011001101011111000011001001
1001101001011011010101100000011010001001011110111010011 011101010001010110100101100010010101001101011110000011010111100110
1000010010011110110110101011000011100001101000010100100 011011011100000001010110000011010101001111001101011111000011001001
0010000101000100100101100010011010000001101000010100100 001001000011000111010001010101000011011111001101011111010001001001
0010101100001010001110100100100100100011000010110010011 010001010101001011010100011111011100010001010100000011010101100110
0100000001011100010000011100100000100110101000010100100 010000000010010111001001010100011100000010001110011111010001001001
0010111000100000000110100100100100100001101000010110011 001011010100011101011011001101011111011100010010001101011111011101
0001100001101000000100011011111001101001011100111110011 010100000011011111000010010100000011011101010010010111011001011101
0001101111011101001100101000111010110100010011011000101 010100000011010111011101001011010100100101000011011111010001100011
0100100100001010111101100011110011101001100111010010011 000110001001010010000001010101000011010011010001011101011111011101
0010001001000111010000001101000111110010010010000101100 001001010001010100011111000011011111000100011100010010000011010101
0010001001100110011110010101010111010100011000010100100 001001010001011101001111011100000011010111011111000011010101001001
1001000101000010001110100010011011000001101000010100100 011100010010000010010100011111000011100011001101011111010001001001
0100101110101000100101101010010010000001101000010100100 010001010111011111010001010110010001001001001101011111010001001001
0111000001011100111110011001010001101111011100010010011 010111000010010111011001011101001011010100000011010111001001100110
0010111000100001001001111100001001001001000011010000101 001011010100011101011011011100011001011011011100010010001101011111
0000101100001011100001111100000111110101011000111110011 000010010101010001001111100110000001011011000011010101010001011101
0001100101011101010000101011100000110010010010000101110 011101001011010111011111000011010111001011011100010010000011010111
0000100010100110010101110101000010100101010011001101101 000010000111011101000011010111011111010010010001100110000011010110
0110101001011100100110011101000010110010010010000101100 010110010001010111010001011101011111010010011100010010000011010101
0001101111011100011110010001010011100001101000010100100 010100000001011000001111011100010001001111001101011111010001001001
0010110001101010100100001011100011110101011000000110010 010010010100100100000011000010011000001111100101000011010101001100
0010101101000100000110010000110000100100001011001001111 001011010110000111000001011100010100000011001001001011011100011001
1000000001011100000101101000010111001001000010111010011 011011000010010111000011010110001101010111010010000011010111100110
0010100111011111010001001100111010001001000110000101100 010010001111000011011111010001011101011111010001010100000011010101
0010000101100001001000101000110100100001101000010100100 001001010001011011011100010010011110010010001101011111010001001001
0110100101001110000101100011111000001111011000100110011 010110001011001111000011010101000001011011000011010101000011011101
1000010010001010010001001000111010000001000100110000101 011011011100010001001001010001010100011111000011000111000011010101
1001000101000110010110000101000100110110010011010011001 011100010010011101001011011011011111010001100011010001011111010010
0010000001101000000101101001011010010010010010001110011 001001001101011111000011010110001011011111011100010001010100011101
0010000101001101001000001011100001101001100110001101111 001001010001001110011100000001010111001000010010011101010100011001
0111001111011101000000001000110100100110010011001110100 010111000001010111011011000010011101010001001110010001011101011111
1010101110100001001001001011101010000001000100110000101 000011010111011011011100010001010111011111000011000111000011010101
0000101101011111100001001000110100101100011000100101110 000011010110000100010100011101000011011101010001010101010001010111
1001100101011010100101111011100010101110010110111110110 011101001011010110010010011001010111001011011000010100000001100011
0010110011000110000110010100000110100101011101010010011 001011011101010100000001011100011011010110000011010111011111011101
0010000101010001010101101000010111001001110100010100100 001001010001010000100101100010010110000011010111000110100110001001
0100101110000010001110100010011011000001101000010100100 010001010111000010010100011111010001100011001101011111010001001001
0110110101101000100101100000011010001001011110111010011 010110100101100010011111000011010101001101011110000011010111100110
1001000101000111100100011011000000100010011000010110011 011100010010011101000110010100010101000011000111000011010101100110
1001110100010010110110101011000000110100010010111101110 011101011111010001010110100101000011010101001101011110000011010111
0010000101011000010101111011100000110010001000100110011 001001001011010101010010000011010111000001011100001001010001011101
0000110010010011001110100011110001110010000010001111001 001011011100000011011101011111000001010100011100000011011101010010
0000110011100000100011001110000100100001101000010100100 000010011101001110010001010100011101010010001101011111010001001001
0001101111011101010000101011101010000101001000110011001 010100000011010111011111001011010111011111000011001001010101010010
0100101110001011001100011000011000000001000100110011001 010001010111010001011101010100001101011011000011000111010101010010
0010001001001101001000001011100001100101100110001101111 001001010001001110011100000001010111001000001011011101010100011001
0111000101001111001001111100000000101100100001010110011 010111001011001111011100000011011011000001010101011011000011011101
1000010010001010010001001000110000101101001010111010100 011011011100010001001001010001010100000011010110000011010111011111
1001001111100110010101110010111001000001011101010011010 011100011001100110000011010111010100011100000010010111011111011101
1010010010001010110110101011000111110101100110110011001 011111011100001011010110100101000011010101000011011101010101010010
1000000001101000010110010011100000101100010011001101101 011011000011011111001100010111000011010101010001100110000011010110
0100010101011010100100100010010011001001001011001010011 010000100101100010010110010001001001000011001110000110001100100110
1000000001011000010101111000100111110100000010111011001 011011001101010101010010011001000111000001011111000011010111010010
1001000101100111000000101000111010000001000100110000101 011100010001011101011011001011010100011111000011000111000011010101
0011110101000010010000001011000000101010000011001000001 001111100100000001001001000011010101000011010000000001011100000011
1001110000001010001110101011000000110100011111001010011 011101011011001011010100100101000011010101001101011111001100100110
0001101111011101001110100010011000000001101000010100100 010100000001010111011101011111000011011011001101011111000011001001
1000001111011100100100001101000111110111100110101101001 011011000011010111010010000011011111000100001110011101010100010010
0010101101000100000101110010110110100101011101010010011 001011010110000111000010011000010100010110000011010111011111011101
0010101100001010001110100100100100100011010011010011001 010001010101001011010100011111011100010001011101000011011111010010
0001001111100100101100101011100100000001001110010101110 000111000100011100010100010001010111010000000001001111000011010111
0100101110000110100100100001010111010100000010110010011 010001010111011101010001001001001011010111011111000011010101100110
1010101110010011010001000011110110000100001011001010011 100101100010010111010001011111010000011001010101001001001100100110
1000000101001000000100111011110011101001000110000101100 011011001011001001000011001111000001010011010001010100000011010101
1001100101011000010100011101000100110110010011010011001 011101010001010101001011010100011111010001100011000011011111010010
1001000101101001001000001000111010000001000100110000101 011100010010011111011100000010010100011111000011000111000011010101
1001110101000101001000001011010000101110010010000101110 011101100010000111011100000011010110000001010111010010000011010111
1000010010001010001100001011010001010010010010000101110 011011011100010010010100000010010110000111011100010010000011010111
0010000101101100000101100101010000110100010010111101110 001001010001100011000010010101100101100010001101011110000011010111
0110100001101001001001001011010111101110010010000101100 010110000010011111011100000011010110011001010111010010000011010101
0001101111011100101010101011100001110100010011011000001 010100000001010111010011000011011000010100011111000110100011000011
0001100001101000000100011011001100110011011010100100011 010100000010011111000011010100010101010001100110010110010001010100
0101010101100111010001001001100100100001000100110011001 010011000011011101011111000011001110000110000011000111010101010010
0010000001101000000100111100100000110000010000100111000 001001001101011111000011001111011100000010001110010001010100011101
1000000001010110100110011101000000101110010010000101110 011011000010010100010001011101011111000010010111010010000011010111
0110100001011100100110000101010110000001101000010110011 010110000011010111010001011011100101000011010101001101011111011101
0010001001100111000000101011101001100001000100110000101 001001010001011101011011001011010111011101000011000111000011010101
0100010101011010100101100010010000110100010010111000111 010000100101100010010110010001010101010010001101011111010001011000
0001001001011110110100101001000100100011000010110010011 000111000110011001010110001011001001010001010100000011010101100110
1000010010011111000010010010010010110100000011001011001 011011011100000011011011011100000110000011011111001011011100010010
0001100001000100110000101100111100110011101000010101101 010100001101000111000011010101011101010001011101011111000011010110
0100101101011011010101110011110110100101001000100100011 010001010110100101100010010111011001010110001011001001010001010100
0010010101100000110001001000110000110100010010111101110 001001100101100010011011010101000011010100001101011110000011010111
0010111000001010001110101101000100101111011100010110010 001011010100011101000011010100100101100010011110000011010111001100
0010001001100110010101110101000000101110001110110000101 001001010001011101000011010111011111000010011000001111000011010101
0100101110001000111101110001011001101001000010111010011 010001010111001001011001010111010010011101010010000011010111100110
1101000001101110100110011101000111110111100110101101001 100110000001100011010001011101011111000100001110011101010100010010
0000100111100100111101110011110110101001100111010010011 000011001111011100000001010111000011010110010001011101011111011101
0011001111100100110110101011000000110100010010111000111 001110000100011100010110100101000011010101001101011111010001011000
0001100001011100000110010010010010101110100110100110011 010100000011010111001011011100010010001011010111011101000011011101
0100101110000111001000101001001010101100010011010011001 010001010111010100011100000011001001100010010101010001011111010010
0001101111011101010000001011010100101110000010111010100 010100000011010111011111000010010110000011010111000011010111011111
0101101001011000100101101000010111001010000011001001111 010100010001010101010010010110000011010111010011000001011100011001
0010111000100000010101110100110100110110001010110011001 001011010100011101011011001011010111011101010001100011010101010010
1010101110010010110110000011111001010100000010111010100 000011010111010001010110011011000100011100011111000011010111011111
1001000101000110111101101000100100101110000010111010100 011100010001010100000001010110000111010001010111000011010111011111
1000000001011100010000101011010111101110010011010101101 011011000010010111001001010001010110011001010111010010000011010110
0011010010000010111000011001011001101101000011001011001 001110011100000010010111011101000011011101010110001011011100010010
0100101110001001010110011101001001001001000010110010011 010001010111001001000011011101011111011100010010000011010101100110
0011110010010010011101111100101100100001011101010010011 001111011100010001001111000100011100100101000010010111011111011101
0000101110001110100101111011010010100100010010001110011 000010010111010011010010011001010110001011001001010001010100011101
0111001111011101001110000001010001101001001100100100011 010111000001010111011101011011000011011101010001001110010001010100
0100101110101001001000001000111010000001000100110000101 010001010111011111011100000010010100011111000011000111000011010101
1000010010001011000000001100100000110100011111001011001 011011011100010001011011001011011100000011011111000100011100010010
0001010010000010001100001011010111101110101000010110011 000111011100000010010100000011010110000001010111011111010010100110
0100110010100100010100100001010111010100010011001101101 010001011100000011001001001011010111011111010001100110000011010110
1010000001000101010101100000011010001001011110111010011 011111000010000111100101000011010101001101011110000011010111100110
1001111001011011000010100011110110100001101000100100011 011101010001010110011011011111000011010110000010011111010001010100
1010000001110000100100100001011001001101010011001110100 011111000010010100011101000011001001001100010110000011011101011111
0100101110001100000101110101001001011001011010000101110 010001010111001110000010010111011111011100010010010110000011010111
1000010010011110110101001011100010101110000110010110011 011011011100000001010110000011010111000011010111011101000011100110
0010110011010110000101110001000000110010010010000101110 001011011101010100000011010111001001001011011100010010000011010111
1010000001100101010000001001110110001001011110111000101 011111000001011100011111000010001111010101010010011001010111010010
0101110101011010000110010000011010010101011100011100001 010100100010010110000001011100000011011111000011010111001111000011
1001101101011111001000111000011001100010011111001000100 011101010110000100011100001111000011011101000111000100011100001001
0011001001011100000101110110100100100001100100100101111 001110010001010111000010010111100110010010001011011100010010011001
0011000001100101000110101010000000110010100110111101110 001110000001011100010100000011010000000001011100011101000011010111
1001000101001011100000001011010100101110010010111000111 011100010010010001001111100110000010010110000011010111010001011000
0110100001001110100110011101000010110010010010000101100 010110000010010011010001011101011111010010011100010010000011010101
0010100111000010110001001101000000110010010010000101110 010001001111000010010101000011011111001011011100010010000011010111
1000000001011100001100001011100000100100010010000101110 011011000010011000010100000011010111001101001001010010000011010111
0010101110001110010100010100100010110100100110111101110 001011011000001111010001000111011100010001011111011101000011010111
1010101110001000010110011010011001000001000100110000101 000011010111001001010001100110000110011100000011000111000011010101
1010101110001011000110101010011011001111000110000101100 000011010111010001010100100100010001100011000011010100000011010101
0111001111011100001110010010010110101001011100000101100 010111000001010111010100011100010001010110010001010111000011010101
0110101111011010010101110101000000110010010010110011001 010110011001010110000011010111011111001011011100000011010101010010
0001101111011100011010101100110100101110001110110011001 010100000011010111001110100101100010100110010001011000010101010010
0111110000010010111001001011110111000001101000010100100 000011011011010001010111100101000011010111001101011111010001001001
1001110100000011010010101101000111110010010010110011001 011101011111000010001000000011011111000100011100000011010101010010
0001101111011011000000001100101010001101001010111010100 010100000011010110011011000001011100011111010110000011010111011111
0010001001100111001000101001110000110010001000010100100 001001010001011101011100010001001111000001011100001001010001001001
0101010101110001010000001100000111110011010010111000111 010011000011010100011101011111000011011011011001100110010001011000
0100101101100000010110010010010000101100010011001110100 010001010110011011010001011100010010000011010101010001011101011111
0001001100010010111000100001100111101100001000010100100 000111010101000110010111001001001110011001010101001001010001001001
0101100001011000100101110010010111000111100100000100100 010100000011010101010001010111010001011000001111011100000010001001
1000001111011001100110011010010110001001000110111101110 011011000001010101010010011101010001010101010001010100000001010111
0001001001011110110100001101000010110010010010000101100 000111000110011001010110000011011111010001011100010010000011010101
0011110010000010111000100100000000110010001010111010100 001111011100000010010111001001011011001011011100000011010111011111
1001110100010010110110101011000000110100010010111000111 011101011111010001010110100101000011010101001101011111010001011000
0100101101100001001000101001110111000001000100110000101 010001010110011011011100001011001111010111000011000111000011010101
0011010101011100010000001011010010101110101000000101100 001110000011010111001001000011010110001011010111011111000011010101
0100101110001010110010101000111010001001000100110000101 010001010111000011010101000011010100011111000011000111000011010101
1000010010011110001110101100100010101101001010111010100 011011011100011001010100100101100001011100010110000011010111011111
1001000101000110000101100000111010101100000011010000101 011100010010010100000010010101010100100101000011010101001101011111
0001101111011101001100011100100100110000101000010100100 010100000011010111011101010100011100010001011011011111010001001001
0010000101011010111100100101010110000001101000010100100 001001010010010110000001010011000011010101001101011111000011001001
0001010101011110111001001000110111101110101000100110011 000111100100000001010111010001010100000001010111011111010010100110
0010101110101100100110010011110111001101001010111010100 010001010111100011000110011100000011010111010110000011010111011111
0100001111011010010101111100111010000001101000100100011 010000011001010110010010011001011101011111000010011111010001010100
0010111000001010110110000011000100100110010010010110011 010001001111100110001011010110011011010101000011001110000110100110
1010101110000110111101110101000010110011101000010100100 000011010111010100000011010111011111001011011101011111010001001001
1001101110000011000000100100100000100111011110111010011 011101010111000010011011001001011100000010001111000011010111100110
0100000001011000111100111001010111000001101000010100100 010000000010010101000011010011000011010111001101011111010001001001
0111001111011101000000001100101010001001100110000101110 010111000001010111011011000001011100011111000011100110000011010111
0110100001101000010110010010010000101100010011010011001 010110000011011111010001011100010010000010010101010001011111010010
0000100110100100111100011001010111010100100100100100011 000010001110011100011001011101001011010111011111011100010001010100
0010111000101001001000001100000111101100000011010000101 001011010100011101011111011100000010011011000011010101001101011111
0100001111011010111110011000011000001001001010111010011 010000011001010110011001011101001101011011010010000011010111100110
0011100101011101010001100001011011101111011010010101110 010011001011010111011111000011010101100100010001010110000011010111
1010101110100001001001111101000010100011101000010100100 000011010111011011011100000011011111001011010100011111010001001001
0001100001011100111001001000100000101100010011001101101 010100000010010111000011000111000011010101010001100110000011010110
0110100101001110000101100011110110100001011100100100001 010110001011001111000011010101011001010110001101010111010010000011
0110010101000110111100100001010111000100100101010101101 010101100010010100011001001001001011010111001001011100000011010110
1000010010011110001001100001010110100001101000100100011 011011011100000001000111010101000011010110000010011111010001010100
0001101111011101010001001011100010101110101000000101100 010100000001010111011111000011010111001011010111011111000011010101
0001101111011100011001001001000010101110000110010110011 010100000001010111001110000011001001000011010111011101010001100110
1001110100100100000110100001010011101001000110000101100 011101011111011100000011011111010010010011010001010100000011010101
1001100001011101010001001100111010000101101100000101110 011101000001010111011111010010011101011111001101100011000001010111
0001101111011011000001100001010110100101011101010010011 010100000001010110011011010101000011010110000011010111011111011101
1000010010001010100001001100111010001111100100100100011 011011011100010010010000010001011101011111000100011100010001010100
0111001111100111010010010000010010000001011011010110011 010111000100011101011111011100000011001001000010010110000011011101
0110000001011100001100001100111010010010010010000101110 010101000010011000010100000010011101011111011100010010000011010111
0010000101000111001000101100110001100101011101101001111 001001010001010100011100001011011101001000001011010111100110011001
0001101111011101010010010000010001110100101010000101100 010100000011010111011111011100000010010100001000100010000011010101
0011100101011101010001100001010110100001011100110011001 010011001011010111011111000011010101010110000011010111010101010010
0100101110001100000101110101001001011001011010010101110 010001010111001110000010010111011111011100010010010110000011010111
0011100101011110110100101101001001001001000110000101100 010011010010000011010110001011011111011100010001010100000011010101
0001101111011101010001001011100011100101011101010010011 010100000011010111011111010001010111010011000011010111011111011101
1010000001011100010011001000111001000001001101010010011 011111000010010111001001010010010100011100000010001110011111011101
0001110101100111010001111011010000110010010010110011001 010100000011011101011111000011010110001011011100000011010101010010
1000010010001010110001001011010100101110000011001011001 011011011100010001010101010001010110000011010111001011011100010010
0010110110000010111000111001010110001001100111010010011 010001100011000010010111010011000011010101010001011101011111011101
1010110100010010110001001110100000110100010010111101110 100101100010011111000011010101000011100110001101011110000011010111
0101110111010010000110100010110111110111100110101101001 010100100100010010000011011111010100000100001110011101010100010010
1000001111011001100101000001010010010010011110111010011 011011000001010101010010010000010010001001011100000011010111100110
1010010010000010111010011100000000110010001010111010100 011111011100000010010111011101011011001011011100000011010111011111
0001000001001000000101100000010110100101011101010001001 000111000001001001000001010101000001010110001011010111011111010010
0001101111011101010000101100111010000001011101010010011 010100000011010111011111001011011101011111000011010111011111011101
1011001001100100111101100011110011101001100111010010011 100011010001011100000001010101000011010011010001011101011111011101
1000010010011110001110100011111001100011011111000011001 011011011100000100010100011111000001011101010100011001011011010010
1001110000001010001110101011000000110100010010111101110 011101011011001011010100100101000011010101001101011110000011010111
0110101001000111001001111101001010100010101010110000101 010110000110010100011100011001011111100010000111100101100010010101
1001110101100000010110010010010111110010010011010011001 011101100010011011010001011100010010000100011100010001011111010010
1001110100100100000110100001010011101001100111010010011 011101011111011100000010011111010001010011010001011101011111011101
0010000101100100010100111101010110000001101000111110010 001001010010011100001011001111100101000011010101001101011111001100
0001101111011100001110101000100100101110000010011100101 010100000001010111010100100101100010000111000011010111000011010011
0110100001101000010110010010010000101100010011001110100 010110000011011111010001011100010010000011010101010001011101011111
1001110100000011010001001100111010001001000110000101100 011101011111000011011111010001011101011111010001010100000011010101
1000000101100100100101111001000111101110101000000101100 011011001011011100010010000011001001000001010111011111000011010101
0110101111011100111101100010010111000111101010000101100 010110000001010111000011010101010001011000001111100100000011010101
1000001111100101010000001000100100101100010011010011001 011011000100011100011111000011000111010001010101010001011111010010
0110101001100110111100111110010111001001100111010010011 010110010001100110000011010011010001010111010001011101011111011101
1000000001101001001001001011010111101110010010000101100 011011000010011111011100000011010110011001010111100101000011010101
0001100101011101010010010000010110001001100111010010011 011101001011010111011111011100000011010101010001011101011111011101
1001000101000111010000001011100011110101011000000110010 011100001011010100011111000010011000001111100101000011010101001100
0010001001000010110100001001110111000101101000100100011 001001000110000011010110000010001111010111001011011111010001010100
0001101111011011000010010011110110101001100110010110011 010100000001010110011011011100000011010110000110100110010001100110
0010001001101100010110010101000100100011101010110000001 001001000110100011001100011111010001010100100101000011010101000011
1011000101011101010001001011010100100111011000100100001 100011001011010111011111010001010110010001001111010101010010000011
0001101111100110110100101101000111101100011110011111001 010100000001100110010110000011011111000001010101000011010011010010
0001101111011101010001001011101010100001011100001100101 010100000011010111011111010001010111100101100010000011010111011101
0110100001100100001100001011101010001111011100100101111 010110000001011100010100000011010111011111011001010111010010011001
0100101101100000010100100010010110100101011101010010011 010001010110011011001011001001000011010110000011010111011111011101
1001000101101100100110011010010111101110010011001101101 011100010010100011010001100111000011010111010001100110000011010110
0010001001100111010010010010010001010101101000111110010 001001010001011101011111011100010001000111100101000011011111001100
0001101111011101001110100000010111010100010010111001111 010100000001010111011101011111000011010111011111010010010111011001
0010001001100110001110010001011000000001011100001111001 001001010001011101010100011100001011011011000011010111011101010010
1001000101100001010100010011000100100011000010111010011 011100010001011011000011000111010101010001010100000011010111100110
0000100100101100010101110101001010110010010011001101101 000010001001100011001011010111001000001100010001100110000011010110
1001110100010010110110101011000000110100010011011000101 011101011111010001010110100101000011010101001101011111010001100011
0010000101100110001110010010010001000001000100110000101 001001010001011101010100011100000110000111000011000111000011010101
0011110101000010010000001011000001100001011100000101100 001111100100000001001001000011010101010100000011010111000010010101
1000010010011110100001001000100100110100011111001011001 011011011100011001010000010001000111000011011111000100011100010010
1001100101011010100110011001010001110010001010001111001 011101001011010110010010011101010010010100011100000011011101010010
0011000001000110100101100010011010000001101000010100100 001110000011011101010001010101000011011111001101011111010001001001
1001110100010011000010101011000000110100010010111000111 011101011111010001011011100101000011010101001101011111010001011000
1000010010001010010111000010011001110100010010111000111 011011011100010010010001001111100110010001011101011111010001011000
1010101110010010011001001000110000110100010010111101110 100101100010010111000011001110000011010100001101011110000011010111
0100101110101000000101110001110100100010011000010110011 010001010111011111000010010111010011000011000111000011010101100110
1000000001011000110110011101000100100101100100111000001 011011000100010101010110011101011111010010001011011100010111000011
0000110010101000100100011101010110000001101000010110011 000001011100011111010001010100100101000011010101000011011111011101
1001000101100001010100100010010000110100010010111101110 011100010001011011100101100010001001010010001101011110000011010111
0001101111011011000001100000010001100101011100001111001 010100000011010110011011010101001101011101000011010111011101010010
0001110101100100100101111100110100110100010010010110011 010100100101100001011100010010000001011101000011011111010010100110
0111101110101000111101100011110011101001000110000101100 000001010111011111000011010101000001010011010001010100000011010101
0111110110001011001000101110001000001111100110010110011 011001100011001100010001010100011101011011011001100110010001100110
0111000001101101001000001101000100101100011111011000001 010111000010100011011100000010011111010001010101011001100011000011
0001110101011001010010101100100000101100010011001101101 010100000011010101001000001100000011010101010001100110000011010110
0101101111100111010010010110100010110111100110101101001 010100000100011101011111001100100110001011100100011101010100010010
1001100101000111010110010010011010001001110100010100100 011101010001010100100101100001011100000011011111000110100110001001
1000001100000010111010100100100111101110010010001110011 011011010101000010010111011111011100000001010111010001010100011101
0001101111011101001110101011001010000001011101010010011 010100000011010111011101000011010101011111000011010111011111011101
1001110100100100010101110101010111110101100110110011001 011101011111011100001011010111100101100010000011011101010101010010
1010010010010010001100101100100000110100011111000010011 011111011100000110011101001011011100000011011111000100011011011101
0001101111001011100001001100111010000101011100001100101 010100011001010001001111100110010001011101011111000011010111011101
0001101111011100001101111011010100110100000010111010100 010100000001010111010100000001010110000011011111000011010111011111
0111001111011100110101001011000100110100000011001011001 010111000001010111010110010001010101000011011111001011011100010010
0110001001011100011110101010011001110100010010001110011 010101010001011000001111100100010001011101011111010001010100011101
1001110000001010001110101011000000110100010010111000111 011101011011001011010100100101000011010101001101011111010001011000
0110100001011000001101111011101010000101011101010010011 010110000010010101010100000011010111011111001011010111011111011101
0000110010101000100101111001000000100011101001100101100 000001011100011111010010011001001001000010010100011111000011010101
1010101110001010110000101000111010000001000100110000101 000011010111010001010101001011010100011111000011000111000011010101
0100101110001111001000101001000100100101011101010010011 010001010111001111011100010010001001010010000011010111011111011101
0110101001100110100100100001010111010100010010011011001 010110010001011101000110001001001011010111011111000011001110000110
0010110101100100111101101000011001001011001011010010011 100101100010011100011001010110000001011100010100010001011111011101
0011001111100100110110101011000000110100010010111101110 001110000100011100010110100101000011010101001101011110000011010111
1010010010000010111010011000010110000001100110101100001 011111011100000010010111100110000011010101000010011101010100000011
0010111000100000010100100010011010001001011110111010011 001011010100011101011011000011001001010001011110000011010111100110
0000110010001110111110011110011001110100001010110110011 000001011100001111011001011101010001011101011111000011010110100110
1000110101010010111010100101011000001100001011010010011 010100100100010001010111011111000011011011010101000011011111011101
0001101111011100011110010001010011100001011101010010011 010100000001011000001111011100000011001111000011010111011111011101
0010000101101100100101110000110010101110101000100110011 001001001011100011010001010111011101001011010111011111010001011101
0010001001100111010010010010010001010101101000010110011 001001010001011101011111011100010001000111100101100010011111011101
0010110110001010111010100101010000101100010011010011001 000011100011001011010111001000100010000010010101010001011111010010
0001000101011100010100110010010001101001000011001011001 000111001011010111000011001110010001011110010010001011011100010010
1001110101001110011100101100111010001001000100110000101 011101000011001111010011001011011101011111000011000111000011010101
0010001001100111000010101101000000110100010010111101110 001001010001011101011011100101100010011111001101011110000011010111
1000010010001010001101100010010111001001000110000101100 011011011100010010010100010101010001010111010001010100000011010101
0100101110100111010000001000100100101100010011010011001 010001010111011101011111000011000111010001010101010001011111010010
1001000101101100000101100101010000110100010010111101110 011100010010100011000010010101100101100010001101011110000011010111
0010111000101001001000001000111010001001011110111010011 001011010100011101011111011100000010010100011110000011010111100110
0110100001100111010010010011110111000001100100010001001 010110000010011101011111011100011001010111000001011100001001010010
0100101110100110100101110101010000110100010010111000111 010001010111011101010001010111100101100010001101011111010001011000
0000110010000100100110100100100000110010010010110011001 000001011100000111010001011111011100001011011100000011010101010010
0001100001100111010001001001110110001001011110111000101 010100000001011101011111010010001111010101010010011001010111010010
0000100011000111010101101101010110000001101000010110011 000011010100100101100010010110100101000011010101001101011111011101
1010000101011000010100011101001001001111011100100100011 011111001011010101000011010100011111011100000001010111010001010100
1001100101100100010101110001000100110000010011010011001 011101001011011100000011010111001001010001011011010001011111010010
0100101110001011000110101010011010000001000100110000101 010001010111001011010100100100000011011111000011000111000011010101
1001000101100110010101110101000110100101011101010010011 011100010001100110001011010111011111010110000011010111011111011101
1000010010000010001110100010010001100001000100110000101 011011011100000010010100011111000011010100000011000111000011010101
0010111000100000110001001000110000110100010010111101110 001011010100011101011011010101000011010100001101011110000011010111
0100101110001101010110010010010000110100010010111000111 010001010111001110100101100001011100010010001101011111010001011000
0001110010000011001101110010010000101110100110101101001 010100011100000010011101010111010010000010010111011101010100010010
0001110010010010110101001011100000101100010011010011001 010100011100010001010110000011010111000010010101010001011111010010
1000010010011111010000101100111010000001011101010010011 011011011100000001011111000011011101011111000011010111011111011101
0001101111011101010000101011101010001101001010111010100 010100000011010111011111001011010111011111010110000011010111011111
0000101100001011100000001011100010010010010010111000101 000010010101000011001111100110000010010111001001011100010010010111
0111110110001011001000101110001010000101011100010010011 011001100011001100010001010100011101011111001011010111001001100110
0001101111011100011001001100110001100001101000010100100 010100000001010111001110000011011101010100001101011111000011001001
1000000001101001001001001011000100101110001010000101100 011011000010011111011100010001010101010001010111010010000011010101
1010101110010010111001000010010001001001101000010100100 000011010111010001010111010000010001000111010001011111010001001001
0110110101011100100100011010011000000001011000110011001 010110100101100010010111010001011101010001011011000011010101010010
1001000101100111000001100001010111000100001010111010100 011100010010011101011011010101001011010111001001000011010111011111
0111010101011010100110011011010000110100010010001110011 010111100010010110010001011101010110000010011111010001010100011101
1000010010001010010001001000111010000001000100110011001 011011011100010001001001010001010100011111000011000111010101010010
0001110010001010010001001000100100101100010011010011001 010100011100001011001001000011000111010001010101010001011111010010
0010110001101010100110110000010110000101011100001111001 010001010100100100010001100011000011010101000011010111011101010010
1001000101011100111101101010010111000001101000010100100 011100010010010111000001010110000011010111001101011111010001001001
0100101101100001001010101001000010101110101000110011001 010001010110011011011100100010001001000011010111011111010101010010
0010001001101100010110011101000110100101011101010010011 001001000110100011001011011101011111010110000011010111011111011101
0010001001100110001101111011101010001001011101010100101 001001010001011101010100000011010111011111010001010111100101100010
0001110010001010110100001101000111110010010011010101101 010100011100010010010110000011011111000100011100010010000011010110
0001110010101010001101001001100100111000010010111101110 010100011100100010011101010001001110010001010100011110000011010111
0010110110000010111000111001010110001001100111010000001 001011100011000001011000001111001011010101010010011101011111000011
0100101101100000110000101011010010101110101000010100100 010001010110011011010101000011010110001011010111011111000011001001
1010101110010010111001001101000100100001101000010100100 000011010111010001010111010001011110010010001101011111010001001001
1010010010010010001010101011000000110100010010111101110 011111011100010001000111100101000011010101001101011110000011010111
0001001001000110010101110101000010101110000011001011001 000111000110011101001011010111011111010001010111001011011100010010
1001000101001010111000001000111010001101001010111010100 011100010010010001010111000010010100011111010110000011010111011111
0001101001100100001110101011000000110100011111001011001 011101001100010100100101000011010101000011011111000100011100010010
0010111000101000010101110100110100110110001010110011001 010001010100011101011111001011010111011101010001100011010101010010
0001101111011101010001001011100011100101011100001111001 010100000011010111011111010001010111010011000011010111011101010010
1011001001100100111101100011110011101001000110000101100 100011000110011100000011010101000001010011010001010100000011010101
0001111001101000111110000011000000110011011010100100011 011101000110011111000011011011010101000010100110010110010001010100
0010001001100111001000101100111000000101000111010010011 001001010001011101011100010001011101011011001011010100011111011101
1000000101011101010000101000110111110011101000000101100 011011001011010111011111000011010100000100011101011111000011010101
0110000001001110111101101000011001010011010010111001111 010101000001001111011001010110000001011100011101010010010111011001
1000001001011110111010100010110111110111100110101101001 011011010010011001010111011111010100000100001110011101010100010010
0100111010001011010000010001010011101111101100100100011 010001100110001011011111000111001011001111011001100011010001001000
0110100101100110111110000011111010000001011010100100001 010110001011011101000011011011000011011111001101010110010010000011
1001000101001010010010101000110000110100010010111101110 011100010010001011001001100101000011010100001101011110000011010111
0001000001011100101100001011010010110010010010001100001 000111000010011000010100000011010110001011011100010001010100000011
0010111000000010001100101100100001000001101000010100100 010001001111100110000010011101001100000111001101011111000011001001
0110110101011001010001001001100000101101010010110011001 010110000011010101011111000110001110000010010110000011010101010010
0001101111011111001000100010010111000001101000010100100 010100011001000100011100001001000011010111001101011111010001001001
0001101111011011000010101101000000110100010010111101110 010100000001010110011011100101000011011111001101011110000011010111
1000010010001011001000101000110111110010001000010100100 011011011100010010011100010010010100000100011100001001010001001001
0110100001100111010010010000010111000111001010110001111 010110000001011101011111011100000001011000001111001011010101011001
0001001111011010001000001100100010001101001010111010100 000111000001010110000111000001011100001001010110000011010111011111
1000001100000010111000101101000000110010010011010101101 011011010101000010010111000011011111001011011100010010000011010110
0111110000101000111101101001011010010010010011001110100 000001011011011111000001010110000011011111011100010001011101011111
0010000101000110000110000010011010000001101000010100100 001001010010010100000010011011000011011111001101011111010001001001
0010101110001001000010010011110010010101000111010010011 001011010111001001011011011100000100001001000011010100011111011101
0100101110001000111101101010011010000001000100110000101 010001010111001001000001010110000011011111000011000111000011010101
0010001001100110000110010011010000101101001010111010100 001001010001011101000001011100010110000011010110000011010111011111
1001000101100001001001001011010000101110001000010100100 011100001011011011011100000011010110000010010111001001010001001001
1010101110000010110001001001010111000001000100110000101 000011010111001101010101010010001011010111000011000111000011010101
0001101111011101011010101011001001100001011101010010011 010100000011010111100011000011010101011101000011010111011111011101
0011100001100111010010010011110111001111011010100100011 001111000011011101011111011100000001010111000001010110010001010100
1001110100010011000010101011000000110100010010111101110 011101011111010001011011100101000011010101001101011110000011010111
1001000101001100111110010011010000110100011111001011001 011100010001001110000100011100010110000011011111000100011100010010
1011001111011001010101110101000000110010010011001101101 100011011001010101000011010111011111001100010001100110000011010110
0100000001100101011000101100111010000001000100110000101 010000000001011100100011000011011101011111000011000111000011010101
0001110010010010110101001011100000101100010011001110100 010100011100010001010110000011010111000011010101010001011101011111
1001000101100001010100100010010000110100010010111000111 011100010010011011100101100010001001010010001101011111010001011000
0110101111011100111101110001110000101000001010110000001 010110000011010111000100011000001111000011010000001101010101000011
0001101111011010000101110001000000101110101000010110011 010100011001010110000011010111001001000001010111011111001011100110
1001110000010011001001001101001010100001011000110011001 011101011011010001011100010001001000000011100100000011010101010010
0011010010000010011101101001010111010100000011001011001 001110011100000010001111010110000011010111011111001011011100010010
0010101110001000111101101001011010010010010010000101100 001011010111001001011001010110001011011111011100010010000011010101
0001101111011100010001111011000010101110000110010110011 010100000011010111001001011001010101000011010111011101000011100110
0010000101101100010101100011111000001101001010111010100 001001010001100011001011010101000011011011010110000011010111011111
0110110101011001010001001100000110000101110000010110010 010110000011010101011111010010011011010101001011010100011101001100
0100101110001100100101100101001001000001101000010100100 010001010111001110010001010101011111011100001101011111010001001001
1010101110000110111101101100000110000101101000010100100 000011010111010100000011010110011011010101010010011111010001001001
0111001111101100111110011010010001001001100101001101011 010111011001100011000011011101010010000111010001011100011101010100
1000010101011100001110100101010000101100010011010011001 011011000011011000010100001000100010000010010101010001011111010010
0100101110100110001110010101011010000001000100110000101 010001010111011101010100011100100010011111000011000111000011010101
1001101001011100011100001100000111110010001010000101110 011101010001011000001111000011011011000100011100010010000011010111
1001000101001110100110011101001001000001011101010010011 011100001011010011000011011101011111011100000011010111011111011101
0110101001100110010001001100100010100011101000010100100 010110010001011101001001010001011100001011010100011111010001001001
1001100001011001011000001001000111110010000010111010011 011101000010010101100011000011001001000100011100000011010111100110
0010000101001000111101101010010111001001000110100110011 001001001101001001011001010110010010010111010010011101010001011101
1000010010001011011000101011101010000001000100110000101 011011011100010001100011001011010111011111000011000111000011010101
0001110010010010110101001011100111101100011110011111001 010100011100010001010110010001010111000001010101000011010011010010
0011111001011100010100011011110110001111001110100100011 001111000110010111000011010100000011010101000001010011010001010100
1001101001001110111001001001100100100011000010111010100 011101000011001111010111010001001110010001010100000011010111011111
0001101111011100011001001101000010110010010010000110011 010100000001010111001110010001011111010001011100010010000011100110
0100010101011010100101100010010000110100010010111101110 010000100101100010010110010001010101010010001101011110000011010111
0010111000100000110000001011100000110100010010111101110 001011010100011101011011010101000011010111001101011110000011010111
0011000001011010100101100010010000110010010011010011001 001110000011010110010001010101100101001011011100000011011111010010
0101000001000100110001111011100111110111100110101101001 100101000011000111010101000011010111000100001110011101010100010010
1010000101101001001000001010000010100100100100000101100 011111001011011111011100000011010000010010001001011100000011010101
0010101110001110010100010100100010110100100110010101110 001011011000001111010001000111011100010001011111011101000011010111
1010010010000010111010011000111001001001100001010010011 011111011100000010010111011101010100011100010001011011011111011101
1000010010011110001000001000100100101100010011010011001 011011011100000001000111000011000111010001010101000011011111010010
0001100001100100111101100010010111000111010010000101110 010100001011011100000011010101010001010111010011010010000011010111
0000101110101000000100111011110111001001100111010010011 000010010111011111000010001111000011010111000011011101011111011101
0001101111011101001110100010011010010101101000010100100 010100000001010111011101011111000011011111100010011111000011001001
0010000101101100010101100011111000000001000100110000101 001001010001100011001011010101000011011011000011000111000011010101
0010111000100011010101001100110100110100001010110011001 001011010100011101010100100100010001100110010001011111010101010010
0111001111011101001000101100110100100100001010111010100 010111000001010111011100001011100110000011001001000011010111011111
1010010010000010111010011001101010110011010010111101110 011111011100000010010111011101001110100101100010100111000011010111
0000101100000100010101110001000000111010011110110000101 000001010101000111000011010111001001000011100110011001010101010010
0010111000100000010100011101000000110100010010111101110 001011010100011101011011001011010100011111001101011110000011010111
1011001111011001010101110101000000110010010010110011001 100011000001010101000011010111011111001011011100000011010101010010
0010000101000010001110100010011011000001101000010100100 001001010010000010010100011111010001100011001101011111010001001001
0010111000100000010100011101000111110010000010111010100 010001010100011101011011001011010100011111001100000011010111011111
0001101111011011000001100010010110100101011101010010011 010100000001010110011011010101000011010110001011010111011111011101
0010001111000111010101101001010111010100010010111000111 001001000001010100100101000011010110000011010111011111010001011000
1000010010011110110000101101000000110010010010000101110 011011011100011001010101000011011111001011011100010010000011010111
1001000101000110100110000100100111100011010011010011001 011100001011011101010001011011011100000001011101010001011111010010
1000001100000011001101101010010111001111001110010101110 011011010101000010100110010110010001010111000011010011010001010111
0110100001101001001001001000111010101100000011010000101 010110000011011111011100010001010100100101000011010101001101011111
1000000001100111010001111100100000101100010011001101101 011011000010011101011111001100000011010101010001100110000011010110
1000000001100101010001001000110100110000011000010110011 011011000001011100011111010001011101010001011011000011010101100110
0001101111011100011001111100100110101001100111010010011 010100000011010111001110000100011100010110000011011101011111011101
0100101110100110100110011101000010101110101000110011001 010001010111011101010001011101011111000011010111011111010101010010
1001000101100111000001111011101001101001000100110011001 011100010001011101011011000001010111011101000011000111010101010010
0010000101100111000001111011100010000101011100001111001 001001010001011101011011000001010111001001000011010111011101010010
1001000101000110010110000101000000100011011000010110011 011100010001011101001011011011011111010001010100000011010101100110
0001100001011000001110101011000000110100010010111101110 010100000010010101010100100101000011010101001101011110000011010111
0010101100010010011101001000100100101100010011010011001 001011010101010001010011000011000111010001010101010001011111010010
0001100001100100111101100010010111001001000010111010011 010100001011011100000011010101010001010111010010000011010111100110
1010101110011010100110100010010011100001101000010100100 000011010111010110010001011111000011001111001101011111010001001001
0111101101011100100110000100100010110011001010111010100 000001010110010111010001011011011100001011100110000011010111011111
0100101110101100111101100101010111010100000011001011001 010001010111100011000001010101000011010111011111001011011100010010
1001001001000100111101110101010001101100001010100100011 011100000110000111011001010111100010010100010101001101010001010100
0010111000000110111110010010010000110100010010111000111 001011010100011101010100000100011100010010001101011111010001011000
0110110101011001010001001011010000110010010110010110100 010110000011010101011111010010010110000001011100010100010001011111
1011000001100110001101111011100001100101011000111110011 100011000001011101010100011001010111011101001101010101011001100110
1001100101011101010001001011010010101110101000000101100 011101001011010111011111000011010110001011010111011111000011010101
0111001111011100001101111011101010010010000010001110100 010111000001010111010100000001010111011111011100000010010100011111
0001000001000101100101100011110111001001000010111010011 000111000010000111000011010101011001010111010010000011010111100110
0010001001100110100101100101100010110011101001001001111 001001010001011101010010010101100011001011011101011111011100011001
1001110100100100100101110001110010101110101000110011001 011101011111011100010001010111010011000011010111011111010101010010
1001110000001010001110100000010001110101011000000110010 011101011011001011010100011111000010010100100101000011010101001100
0000101110000010001101000100100111101110010011001101101 000011010111000010010100011100000011010111010001100110000011010110
0011001001011000100110000010110111110111100110101101001 001110010001010101010001011011010100000100001110011101010100010010
0010101110101000100010101100110100100001100110110110011 010001010111100000100010100110010010000010100110000011010110100110
1001000101011000100100001000100100101100010011010011001 011100010010010101000110000011000111010001010101000011011111010010
0100101110001011100010000001010111010011010011011000101 010001010111010001010100011101011011001011010111011101010001100011
1010001111100000111101100011110011101001000110000101100 011111000011011011000011010101000001010011010001010100000011010101
0010101110001000111110100100100111101110010010001110011 001011010111001001011001011111011100000001010111010001010100011101
1000000101100100100101111001000100100011000010110010011 011011010001011100010010000001001001010001010100000011010101100110
0001101111011010001010101100111010000001000100110000101 010100000011010110000111000011011101011111000011000111000011010101
0011001100011111001001001001000000100010000010111000011 001110010101000100011100000011001001000011000111000010011000010100
0110101111011101001110100100100111110011010011010011001 010110000001010111011101011111011100000001011101000011011111010010
0001100001101000010100111011111001001001000110000101100 010100000010011111000011001111000001011100010001010100000011010101
0100101101100000110000001011101010000001000100110000101 010001010110011011010101000010010111011111000011000111000011010101
0100101110000110111101110101000100101110001010111010100 010001010111010100000001010111011111000011010111000011010111011111
0001101111011011000001100010010001100001101000010100100 010100000001010110011011010101000011010100001101011111000011001001
1000010010011111001100101000111010110100010010111000111 011011011100000001011101010001010100100101100010011111010001011000
0101110010011110110001001010110111110111100110101101001 010100011100000011010101010001010100000100001110011101010100010010
1001100101011010100101110000011001001001000010111010011 011101001011010110000011010111001011011100010010000011010111100110
0011110010000010111000100101010111000011011000010110011 001111011100000010010111001001000011011000010100000011010101100110
1001000001101100010101110100110001110010000010011010100 011100001101100011000011010111100110010100011100000010001110011111
0000101110000010110011001101000100100011010011010011001 000010010111000011010101000011011111010001011101000011011111010010
1000001111100001010101100000011010001001011110111010011 011011000001011011100101000011010101001101011110000011010111100110
0011000001011101010000001100111100101100000010111000100 001110000010010111011111000011011101010010010101000010010111001001
1010101110010010001100101011000110010101011000000110010 100101100010010111010001011101001011010101100101000011010101001100
1001100101000100000110011101000100100001011100100110011 011101000011000111000010011101011111010010000001010111010010100110
0111001111011100000100011000010010000101011010100100011 010111000001010111000010010100000011001001001011010110010001010100
0111100010010100010100011101000100110110010011010011001 000001000111010011001011010100011111010001100011010001011111010010
0000100010100100000100011000010010000001000101001000001 000010000111011100000011010100000011001001000010000111011100000011
1000010010001011001100101011101010000001000100110000101 011011011100000011100110001011010111011111000011000111000011010101
1011000001011100001001100000011001001001000110111101101 100011000010010111000111010101000010011100010001010100000011010110
0010001001100110111110010010010010101110101000010100100 001001010001011101000100011100010010001011010111011111010001001001
0110100001000111001001111001000000101110101000100101110 010110000010010100011100011001001001000010010111011111010001010111
1001100001110000111110000010000111101110010011001110100 011101000010010100011101000011001110011001010111010001011101011111
1010101110100000000110100100100100101111101000100100011 000011010111011011001101011111011100010010000001011111010001010100
1001100011000010111000100010010111000001101100100100001 011101010100000010010111001001010001010111001101100011010010000011
0010101100001010001110100100100100100011010011010000101 000011010101001011010100011111011100010001011101010001011111001101
0100110010100100010100110101011010000001000100110000101 010001011100000011001110100101100010011111000011000111000011010101
0000100011000111010101101101010110000001101000111110010 000011010100100101100010010110100101000011010101001101011111001100
0001101111011011000010010001010100000101011100010010011 010100000001010110011011011100010010010000001011010111001001100110
0100101101100001001000001000111010001001000110000101100 010001010110011011011100000010010100011111000011010100000011010101
1001000101100000000110100100100100100001101000010100100 011100010010011011001101011111011100010010001101011111010001001001
0010111000100000111101110001010111010100010010000101100 001011010100011101011011011001010111001011010111001000000011010101
0010000101011010111100011100100000110100010010001100001 001001001011010110000011010100011100000010011111010001010100000011
0010000101011010111100011100100000110100010010001110011 001001001011010110000011010100011100000010011111010001010100011101
1011000101001110010110100000011001001001000010111010011 100011001011010011000011011111001011011100010010000011010111100110
1010101100101001001000001101100100101111011000010110100 000011010101011111011100000011100011000110000011010101010001011111
0001110101011001000000001000100100101100010011010011001 010100000011010101011011000011000111010001010101010001011111010010
1001000101011100111110110000011010000001000100110000101 011100001011010111000011100011001101011111000011000111000011010101
0110101111011101010000101100110010000101011110001100001 010110011001010111011111001011011101001001010010000001010100000011
0001101111011011000000101101000010101110101000110011001 010100000001010110011011000011011111010001010111011111010101010010
1000000101100000010101110000010010001111100100010110011 011011001011011011001011010111000011001001000100011100001011100110
0010111000001011001000011010011001100001000100110000101 001011010100011101001100011101000110100110000011000111000011010101
0010001001011000000110000010010010000001101000010100100 001001000011010101000010011011000011001001001101011111010001001001
0001101111011011000000001101000100100010011000010110011 010100000011010110011011000010011111010001000111000011010101100110
1010000101101001001000001101100000101100001010111010100 011111001011011111011100000011100011001101010101000011010111011111
0001100001011000001110101011000000110100010010111000111 010100000010010101010100100101000011010101001101011111010001011000
1000001001011000011110010010010110100001001110010110011 011011010001010101001111011100000011010110010001010011010001100110
1011001111011000101110011101110000100111001010111010011 100011011001010101010100011101100100000010001111000011010111100110
1001000101100111000001111011100010000101011101010010011 011100010001011101011011000001010111001001000011010111011111011101
0010101101000010111000011010011000000001101000010100100 010001010110000010010111011101000011011011001101011111010001001001
0001101111011101001110100000010111010100010010111000001 010100000001010111011101011111000001010111011111010010010111000011
1001001001101001010100001011000100110011101000100100011 011100010001001000100010000011010101010001011101011111010001010100
0110101111100100000110100011111001001001101010110110011 010110000100011100000011011111000100011100010010000011010110100110
0010110110010010010000101011101010001001000011001011001 001011100011010001001001001011010111011110010010001011011100010010
1001110101000100110010101110000000110100010010111101110 011101000011000111010101000011010100011101001101011110000011010111
0100000001011100010000101011001001100010000010111001011 010000000010010111001001000011010101100110000111000010011000010100
0110100001011100100110000101010110000001101000111110010 010110000011010111010001011011100101000011010101001101011111001100
0001101111011011000000101011101001100001101000010100100 010100000001010110011011000011010111011101001101011111000011001001
0000100010000010111000100011110111001101001010111010100 000011000111000010010111001001000011010111010110000011010111011111
1001000101000110100100100010011011001001100111010010011 011100000011011101010001001001010001100011010001011101011111011101
0001101111011011000000001100100100110011011110111010011 010100000011010110011011001011011100000011011101000011010111100110
0001101111011101001110100100100100100011101000010100100 010100000011010111011101011111011100010001010100011111000011001001
0100001111011010111100111001010111000101010011010011001 010000000001010110000011010011000011010111010010000011011111010010
0010101110101000100110100011000010101101001010111010100 001011010111011111000110011111000011010101010110000011010111011111
1011000001011100010000101011100001010010010010111001011 100011000010010111001001000011010111000111011100010001011000010100
0100000001011100010001001000111001000001001101010010011 010000000010010111001001010010010100011100000010001110011111011101
0010000101100000000110010101000110100101011101010010011 001001010001011011000001011100011111010110000011010111011111011101
1001110101000100001101111011011000000001000111010010011 011101000011000111010100000001010110011011000010010100011111011101
1001100001011100010000010011000000110011101000010100100 011101000010010111001001000111010101000010011101011111010001001001
0010111000000110000110110000011010001001011110111010011 001011010100011101010100000011100011001101011110000011010111100110
0010000101001101001000001011100001100101100110001101111 001001010001001110011100000001010111001000001011011101010100011001
1010010010011110101000001011100111110111100110101101001 011111011100000011100101000011010111000100001110011101010100010010
1001000101000110100110000100100111100011000010111010100 011100010010011101010001011011011100000011010100000011010111011111
0001100001011000100100110011111001001110010010000101110 010100000010010101010001001110000100011100010111100101000011010111
0010111000000110111110010010010000110100010010111101110 001011010100011101010100000100011100010010001101011110000011010111
0010001001100111010010010101011001110100001101010101100 001001010001011101011111011100000011011101011111001110000011010101
0001111001000110110001001000110000101100010011010011001 011101010001010100010101010001010100000010010101010001011111010010
0110000101001110100110100010010110101001110100010110011 010101010001010011010001011111000011010110000110100110010001100110
0001001111011100000110110001010111010100101011001000001 000111011001010111000001100011001011010111011111100001011100000011
1001100101000111010101100000011001001001100111010010011 011101001011010100100101000011010101001100010001011101011111011101
1001100101011101001101001000100100101100010011010011001 011101001011010111011101010001000111010001010101010001011111010010
0110101001100111010010010101011001110100001101010101100 010110010001011101011111011100000011011101011111001110000011010101
0100101110010000000100010010011010000001011101010010011 010001010111010000000010000111000011011111000011010111011111011101
0001101111011011000000101011101001100001000100110000101 010100000011010110011011001011010111011101000011000111000011010101
1100110101001110111110011011000000110110010010000101110 100101100010001111011001011101010101000001100011010010000011010111
0001101111000010011110101011000000110100010010111101110 010100011001000010001111100101000011010101001101011110000011010111
0001000001011000001100101100100111110111010010001111010 000111000010010101011101001011011100000011100100010001011111011101
0010101110000110000101101100000110100101011101010010011 010001010111010100000010010110011011010110010001010111011111011101
0001100001011001010000001001110100110010011110111000101 010100000001010101011111000001010011010001011100011001010111010010
1001100001000111001000001011010010101110101000000101100 011101000010010100011100000011010110000011010111011111000011010101
0010111000101001001001111101100010110010101000010100100 001011010100011101011111011100000011100011001100011111010001001001
0001101111011000111101110010010000101100010011001110100 010100000011010101011001010111010010000011010101010001011101011111
0100101101100000111110010101000000101110101000110011001 010001010110011011000100011100011111000011010111011111010101010010
0010111000101001001001001000110000110100010010111000111 001011010100011101011111011100000011010100001101011111010001011000
1011001100000010010001001101100111110011101000111101011 100011010101000010001001010001100011000100011101011111000001010100
0010001111011010010110011101000100100011010011010011001 001001011001010110001011011101011111010001011101000011011111010010
1011000101011100010111010101010010101100000010111010011 100011001011010111010001100110100100001101010101000011010111100110
0011100101100100111101110101000111101100011110011111001 010011001011011100000011010111011111000001010101000011010011010010
0010101110000111100100011011000100100011000010110010011 001011010111011101010001010100010101010001010100000011010101100110
0111010101011010100110011011010000110100010011001110100 010111100010010110010001011101010110000011011111010001011101011111
0100101110010000010110010010011010000001000100110000101 010001010111010000001011011100000011011111000011000111000011010101
0010000101011000100101110100011010100101011100001111001 001001010001010101010001011000010100100100000011010111011101010010
0100101110001001010110011101001001001001000010110001001 010001010111001001000011011101011111011100010010000001010101010010
1000010010001010010001111011010100101110000010111010100 011011011100010001001001000001010110000011010111000011010111011111
0010111000010011001110100001010111010100010010000101100 001011001111100110010001011101011111001011010111001000000011010101
0100101110000110000101110101000000110100011111001011001 010001010111010100000010010111011111000011011111000100011100010010
0110000001101000100110100101010010001001011100000101100 010101000010011111000011011111100010001001000011010111000011010101
0010001001001111010100111011000100100101011000110101111 001001010001001111100010001111010101010010001011010101010110011001
0010000101011000000110111000011001001001000010111010011 001001001011010101000011100100001011011100010010010001010111100110
0010000101011000100101110100011010100101011101010010011 001001010001010101010001011000010100100100000011010111011111011101
0010000101000110111101110100111010010010101010001110100 001001010010010100000011010111011101011111011100000011010100011111
0011010010000010111000011001011001100011011110111001001 001110011100000001010111001000001011011101010100011001010111010010
0001101111011101010010010000010010001001000111010010011 010100000001010111011111011100000011001001010001010100011111011101
0001101111011101010010010000011001001001000010111010011 010100000011010111011111011100001011011100010010000011010111100110
0000110011101001001001001011100011100101011101010010011 000011011101011111011100010001010111010011000011010111011111011101
1000110101010010111001111000100010110001101010100101110 010100100100010001010111011001000111010001010100100100010001010111
0100101110001000100100111011100000101110101000110011001 010001010111001001010001001111010111000011010111011111010101010010
1001000101010101010110110001010111000001101000010100100 011100010001010011100010100011000011010111001101011111010001001001
0001000101100111000000101000111010000001000110110000101 000111010001011101011011001011010100011111000011010100000011010101
0001100001100000100110100101010110000001101000010100100 010100000011011011010001001000000011010101001101011111010001001001
0001100001100000100110100000010110001001110100010110011 010100000010011011000011011111000011010101000110100110010001100110
0101100101100100000110100011110001101111011101010110011 010100001011011100000011011111000011010100011001010111000011011101
0101100001100001010110011000110100101110100110101101001 010100000011011011000011011101001000010001010111011101010100010010
0100101110101100010110011101000110100101011101010010011 010001010111100011001011011101011111010110000011010111011111011101
0010110110000010111000111001010110001001000110000101100 010010100011000010010111010011001011010101010001010100000011010101
0011001001011100000101110110100100100001100100100100001 001110010001010111000010010111100110010010001011011100010010000011
0001101111011100011001001001000010101110101000110011001 010100000001010111001110000011001001000011010111011111010101010010
0100101110001101001000101100011010100101011100001111001 010001010111001110011100010010010100100100000011010111011101010010
0001101111011101001110101011010010110010010011001101101 010100000011010111011101100010010110001100010001100110000011010110
0111101110000110111101100011110011101001100111010010011 000001011000010100000001010101000011010011010001011101011111011101
0000100010011100111110010011010000101100010011010011001 000010000111010111000100011100010110000010010101000011011111010010
0010111000000110110000001011010000110100010010111101110 001011010100011101010100010101000011010110001101011110000011010111
0010101100001010001110100100100111100011101011010000101 010001010101001011010100011111011100000011010100100101100010011111
0110100011000110000110010101000100011001010011001101101 010110000011010100000001011100100000010010010001100110000011010110
0011100101011100010110100010010001101001100111010010011 010011000011010111001011011111000011011101010001011101011111011101
0001101111011101001110101011001010000001011100001111001 010100000011010111011101000011010101011111000011010111011101010010
0011100101011101010001100001011011101111011010000101110 010011001011010111011111000011010101100100100001010110000011010111
0001101111011101010001001011101010100001011000110011001 010100000011010111011111010001010111100101100010000011010101010010
0010111000000110110010101100110100110110001010110011001 010001010100011101010100010101100010011101010001100011010101010010
0100101110000010110001001001010111000001000100110000101 010001010111001101010101100101000011010111000011000111000011010101
0001101111011011000001111100101010001101001010111010100 010100000011010110011011000100011100011111010110000011010111011111
0111001111011101001100101011101001101001000110000101100 010111000001010111011101001011010111011101010001010100000011010101
0010001001100111000001111100110000100010011000010110011 001001010001011101011011011001100110000011000111000011010101100110
0110001001101000100010101000010111001001000010111010011 010101010001100000000011100100001101010111010010000011010111100110
1010101110100000000101100000011010000001000100110000101 000011010111011011000010010101000011011111000011000111000011010101
1000000101100100100110000000011010000101101000100100011 011011001011011100000011011011000011011111001011011111010001010100
0010101110000110000110010011100000100011010010111101110 010001010111010100000001011100010111000001011101010010000100010111
1010101110100100010110000001010111010100000010111010100 000011010111011100010001011011001011010111011111000011010111011111
1010010010000010111010011011001010100011001010111010100 011111011100000010010111011101010101100010011101000011010111011111
1010101110100111010110011100000010100011101000010100100 000011010111011101000011011101011011001011010100011111010001001001
0010100011011110111001111011010010110100100100100100011 010001010100000001010111000011010110001011011111011100010001010100
0010001001100110110100001011101010001100010010111000111 001001010001011101010110000010010111011111000011010101010001011000
1011000001100100100100001000100100101100010011010011001 100011001011011100010010000011000111010001010101010001011111010010
0001100001100000100110100000010110001001100111010010011 010100000010011011000011011111000011010101010001011101011111011101
1001110000001010001101001001100100100011010011010011001 011101011011001011011101000011001110010001011101000011011111010010
0100101110001001010110011101001001001001000010110000101 010001010111001001000011011101011111011100010010000001010101010010
0100101101100001001001111100001001001001001011010011001 010001010110011011011100000011011011011100000110000011011111010010
0010111000100000111110011010011010001001011110111010011 001011010100011101011011000011100110010001011110000011010111100110
1010101100101001001000001100111100110011101000010101101 000011010101011111011100000011011101010001011101011111000011010110
1010010010010011011001001000010110001001110100010110011 011111011100010001100011010010000011010101000110100110010001100110
0100101110100111010010010101010110100101011101010010011 010001010111011101011111011100000011010110000011010111011111011101
1001110100100100000101110001111010101100000011010000101 011101011111011100000010011000001111100101000011010101001101011111
0101101001011100010110011010010111101100011110011111001 010100010001010111010001011101010010000001010101000011010011010010
0011110101011000001010010000010111000100100110111101110 001111000011010101000111011100000011010111001001011101000011010111
1000000001100100000101100011000010101100010011001101101 011011001011011100000011010101001011010101010001100110000011010110
0010000101011100100100001000100100101100010011010011001 001001010001010111000110000011000111010001010101010001011111010010
0111000001101000100101111011100000101100010011001101101 010111000010011110000011010111000011010101010001100110000011010110
1001000101100001010110100000011010001001011110111010011 011100001011011011100101000011011111001101011110000011010111100110
1001000101000110111101110100111010010010101010001110100 011100010010010100000011010111011101011111011100000011010100011111
0100100100100100111100011000011001000010101011001001001 010001001001011100000001010100000001011100000111100001011100010010
0010110001101010100110110000010110000101011101010010011 010001010100100100010001100011000011010101000011010111011111011101
0100001001011000010000101011100001010010000010111000100 010000010001010101001001010001010111000111011100000011010111001001
0010001001100110001110010001010010001001101000010100100 001001010001011101010100011100001011001001010001011111010001001001
1001100101000110111101110001000000110010010010110011001 011101001011010100000011010111001001001011011100000011010101010010
1000010010001011001100101011101010001101001010111010100 011011011100010010100110001011010111011111010110000011010111011111
0011001100101010001110100101010000110100010010111000111 001110010101000011010100001000000011100100001101011111010001011000
0100101110001000010100110010010111000001000100110000101 010001010111001001010001001110000110010111000011000111000011010101
0011000101101010010000001011000100110011101000100100011 001110100101100010001001000011010101010001011101011111010001010100
0100101110001011001100011000011000000001000100110000101 010001010111010001011101010100001101011011000011000111000011010101
1001100101100100111101100011110011101001000110000101100 011101001011011100000011010101000100010011010001010100000011010101
1000001100101011001000001011000100110011101000100100011 011011010101100001011100000011010101010001011101011111010001010100
0011100101011110110100001001110111000101101000100100011 010011010010011001010110000010001111010111001011011111010001010100
1001000001001000100101111011000111100111010011001110100 011100001101001001010010000001010101000011010011010001011101011111
0100000101011010111100100110010111000001011010100100011 010000001011010110011001001001000110010111000010010110010001010100
0001101111011101001110100100101010100011101000010100100 010100000011010111011101011111011100000011010100011111000011001001
0001101100000011001001001011100010110100010011001110100 010100010101001011011100000011010111001011011111010001011101011111
0010001001000010001110010010011010001001000110000101100 001001000110000011010100011100010001011111000011010100000011010101
1001000101001100110000101110000100110110001010110011001 011100010010001110010101001011010100011101010001100011010101010010
1001110101100001001000101011010000100011010011001110100 011101100010011011011100001011010110000011011101010001011101011111
0001101111011101010010010010010001010101101000010110011 010100000011010111011111011100010001000111100101100010011111011101
0000110010001110010101110101000100101110010010000101110 000001011100010011000011010111011111010001010111010010000011010111
0100101110001100010110010010010111110010010011010011001 010001010111001110010001011100010010000100011100010001011111010010
1010000101100111010001001011010111101110010010000101100 011111001011011101011111000011010110011001010111010010000011010101
0010111000101001001000001001000100110100010010111000111 001011010100011101011111011100000011001001000110011111010001011000
1001000101011111001000111000010111001001110100010110011 011100010010000100011100001111000011010111000110100110010001100110
1001111001100111010000101011010000110100010010001110011 011101010001011101011111000011010110000010011111010001010100011101
1001000101001111010101100000011010001001011110111010011 011100001011001111100101000011010101001101011110000011010111100110
0100101101100001001000101001110111000001101000010100100 010001010110011011011100001011001111010111001101011111000011001001
1001100011100101010110100010010111001001110100010110011 011101010100011100100010011111000011010111000110100110010001100110
0001101111011101010010010010010001010101101000111110010 010100000011010111011111011100010001000111100101000011011111001100
0011100101011111000001111011000100110100010010001110011 010011010010011001011011000001010101000011011111010001010100011101
1010101110000010111001001011010111110101100110110011001 100101100010010111000010010111000011010110000011011101010101010010
0100101110001000010110000001010111000100001010111010100 010001010111001001010001011011001011010111001001000011010111011111
0100110011011110110101111100101000001000010011001101101 000110011101000011010110000100011100001110010001100110000011010110
0110100001101001001001001011000100101110001010000101100 010110000010011111011100010001010101010001010111010010000011010101
1000010010011110110000101101000000110010010010000110100 011011011100011001010101000011011111001011011100010010000011011111
0110100101100100100110100011110001110010000010001111001 010110001011011100010001011111000100010100011100000011011101010010
0111100010100111010000101101001001001001000110000101100 000011000111011101011111001011011111011100010001010100000011010101
1001000101100111000000101000111010000001000100110011001 011100010010011101011011001011010100011111000011000111010101010010
1001110111010010000110100010110111110111100110101101001 011101100011010010000011011111010100000100001110011101010100010010
0001001001011110110001111001110100100011000010110010011 000111000110000011010101000001010011010001010100000011010101100110
0001100101011000010100010100100000110100011111001011001 011101000011010101001011000111011100000011011111000100011100010010
0010111000101001001001001000110000110100010010111101110 001011010100011101011111011100000011010100001101011110000011010111
0110101001000111001001111000111001000101001000100110100 010110000110010100011100011001010100011100001011001001010001011111
0110000101101100000101110001000111110111100110101101001 010101010001100011000011010111001001000100001110011101010100010010
0100101110101001001000001011110001110101011000000110010 010001010111011111011100000011011001010100100101100010010101001100
1001110101000101001110100010011010010101101000010100100 011101000011000111011101011111000011011111100010011111000011001001
0111001111011100010100011011110111001111011010100100011 010111000001010111001011010100000011010111000001010110010001010100
0000101110001110100101111100000110000001100111010011001 000010010111010011010010000011011011010101000010011101011111010010
1001000101100001001000101100110010101110101000010100100 011100001011011011011100000011100110001011010111011111000011001001
0100101110100110100101110101010000110100010010111101110 010001010111011101010001010111100101100010001101011110000011010111
0000101101100001010110100000011010001001011110111010011 000010010110011011100101100010011111001101011110000011010111100110
1001001111100110010101110001110000110010101000010101110 011100011001100110000011010111001111000001011100011111000011010111
1010010010000010111010001101010100101100010011010011001 011111011100000010011000010100100100010001010101010001011111010010
0101100001011000110100001011100111110110010011010011010 010100000010010101010110000010010111000011100011010001011111011101
0111001111011100010010101100100000100010011000010110011 010111000001010111001001100001011100000011000111000011010101100110
0100101110101100000101100010010010000001101000010100100 010001010111100011000010010101000011001001001101011111000011001001
1001101111000110100101111011000111100111010011001110100 011101011001011101010010000001010101000011010011010001011101011111
1010010010000010111010011000110000101110000010010000001 011111011100000010010111100110010100000010010111000011011111000011
1010101110100110111101100010010001101001101000010100100 000011010111011101000011010101010001011101010001011111010001001001
0010110001101010100101100010010001010010010011010101101 010010010100100100000011010101010001000111011100010010000011010110
0011110010000011011001001011010010110100100100100100011 001111011100000010100011000011010110001011011111011100010001010100
0001101111011101010000101100111010000001000100110000101 010100000011010111011111001011011101011111000011000111000011010101
1000010010011111001100101000111010110100011111001010011 011011011100000001011101010001010100100101100010011111001100100110
0001110010001010000110100010010111101110010011001101101 010100011100010010001101011110000011010111010001100110000011010110
0100011001001001001001111000110000110010000100111101110 010000000110001001011100011001010100000001011100000111000011010111
0010111000000010110101001011100000110100010010111101110 010001001111100110000010010110000011010111001101011110000011010111
1001100001011100010001001011100100110011101000000110011 011101000010010111001001010001010111010010011101011111000011100110
1000010010000010011101101000011010001001100111010010011 011011011100000010001111010110000011011111010001011101011111011101
0001101111011101010010010001011010000101011011000010011 010100000001010111011111011100000011011111001011010110011011011101
0000101101000100100100111101010100110100010010010110011 000010010110000111000011001111100101100010000011011111010010100110
0010111000100000110000001010010111000001000100110000101 010001010100011101011011010101001101010111000011000111000011010101
1011100101100111010001000000010110110000101000111101110 100100001011011101011111010000000010010110011011011111000011010111
1000010010011111011001001001000010101110010011100100001 011011011100011001100011010001001001001011010111010001100101000011
0111000101000111001001111011000111100111010011001110100 010111000011010100011100000100010101000011010011010001011101011111
0100101110000010010010110010011001100001000100110000101 010001010111000011001001100011000110100110000011000111000011010101
0001101111011011000000001101001001001001011111010010011 010100000011010110011011001101011111011100010010000011011111011101
1011000101011101010010010010010001110101011000000110010 100011001011010111011111011100010001010100100101100010010101001100
1001110101000100001101111011101010010010000010001110100 011101000011000111010100000001010111011111011100000010010100011111
1011100101100111010000001011010010110010010010001100001 100100001011011101011111000011010110001011011100010001010100000011
0010001001100110001101111011101010000101011101010010011 001001010001011101010100000011010111011111001011010111011111011101
0110100001001110111001001001100100100011001010111010100 010110000010001111010111010001001110000011011101000011010111011111
1001000101101001001001001000101010110100010010111101110 011100001011011111011100000011000111100101100010011110000011010111
0110101001000111001001111100110001101111100000100100011 010110000110010100011100000011011101010100000001011011010001010100
0000101110000011000001000110010110000001110000100110011 000010010111000011001110000011010101000010010100011101010001011101
0011110101000011010000101011010000101100000010111010011 001111100100000001011111000011010110000001010101000011010111100110
0110100101101000000100011000011001010000000010110010011 010110001011011111000011010100000001011100011011000011010101100110
