000110111101101100001001000101010000010101110100110100100010010010110001001101001100100000000000000000000000000000000000 010100000001010110011011011100010010010000001011010111011101000011000111010001010101000011011111010010000000000000000000000000000000000000000000
001010110000101000111010010010011110001100001100100010001001011110011110010000010110110011000000000000000000000000000000 010001010101001011010100011111011100011001010100000001011100001001010010000011001111011100000010010110100110000000000000000000000000000000000000
010010111000100001011001110100100101010100011101000100100010010010110001001101001100100000000000000000000000000000000000 010001010111001001000011011101011111011100000011010100011111010001000111010001010101010001011111010010000000000000000000000000000000000000000000
001010110000101000111010010010011110001100001100100010001001011110011110010000010110100000000000000000000000000000000000 010001010101001011010100011111011100011001010100000001011100001001010010000011001111011100000010010110000000000000000000000000000000000000000000
001011010001000011100111101101101011001101001000110111101100011110011101001100111010000000000000000000000000000000000000 001011100000010111000011010110100101100010100110000011010100000001010101000011010011010001011101011111000000000000000000000000000000000000000000
011010100100011100100111110000000010110000101011110111010100011110110001111001111100100000000000000000000000000000000000 010110000110010100011100011001011011001101010101010010000011010111011111000001010101000011010011010010000000000000000000000000000000000000000000
001011100010100100100000110100001011001010010010011010001111100100100100001011000100110100110010000000000000000000000000 001011010100011101011111011100000011011111001011011100000011011111000100011100010010000010010101000011011111010010000000000000000000000000000000
001010111010110010011001001111011100110100101011101010000001011000100110011101001001100000000000000000000000000000000000 001011010111100011000110011100000011010111010110001011010111011111000011010101010001011101011111011101000000000000000000000000000000000000000000
100000000110010011000100100001011010010101110101000000110010010010000101110010011001101101000000000000000000000000000000 011011000001011100010101000011010110000011010111011111001011011100010010000011010111010001100110000011010110000000000000000000000000000000000000
011100111101110001000100110011000111001001001011010100101110000011010001111100101100100000000000000000000000000000000000 010111000001010111001001010001011101010100011100010001010110000011010111000011011111000100011100010010000000000000000000000000000000000000000000
001010111010100100100010110000100100010101110001011010110010010010000101100010011001101101000000000000000000000000000000 001011010111011111011100000011011011011100000011010111100010011100010010000011010101010001100110000011010110000000000000000000000000000000000000
